15 9681
24 6779
93 14512
28 7564
50 9071
39 9095
72 15319
62 10854
23 6929
4 5347
98 3419
8 14099
41 6111
35 5465
85 8972
59 5426
81 13452
31 13856
11 10878
81 702
98 7889
97 12052
68 5166
32 14537
94 7720
51 9809
48 2977
35 7783
57 10600
66 9556
72 4646
9 10613
100 3910
93 2508
49 15177
20 3348
60 3049
94 3708
28 13254
30 14452
71 976
38 13461
71 248
42 3830
85 4111
9 12227
30 7752
55 9349
15 7274
9 3942
58 15106
23 2030
28 11135
56 8058
44 10409
36 7918
50 6390
92 3185
91 3365
36 7981
21 5378
98 283
75 9626
90 6002
88 11789
55 366
60 4983
3 14698
25 12366
1 7886
49 5693
54 11276
38 14
46 11910
5 13232
1 12808
54 9826
5 3621
71 8444
13 10118
53 8082
79 10234
11 6622
62 4757
4 126
69 862
86 1834
31 9517
13 9572
68 9303
59 10001
75 12321
81 14063
63 8315
100 5661
45 3693
7 6773
99 10792
72 1345
89 428
34 46
97 9559
14 1407
72 10178
60 11326
29 4338
1 7755
14 12200
37 12280
34 7417
50 12537
27 6464
30 14881
19 12033
22 1390
23 5530
34 12841
10 5642
35 13680
4 591
41 3787
70 1869
12 12741
42 13053
15 13040
8 9471
9 11129
47 8753
11 5700
19 1653
67 11809
79 1351
87 12186
22 14381
22 5488
13 8965
19 15215
23 8264
29 13493
20 12301
95 3144
15 11381
55 9954
90 9232
28 8775
29 8678
28 13373
98 13741
4 4195
4 12712
56 15426
68 7199
37 10745
18 7470
20 14376
96 11683
73 6109
65 15233
46 12282
61 14763
71 8721
83 2084
77 9466
2 7304
88 10413
71 13302
34 835
52 11815
32 7162
70 194
93 13316
67 8497
84 14050
36 7332
91 4467
98 10941
90 5621
27 98
18 3654
21 4165
92 9293
71 4984
34 9630
44 3884
34 1349
18 13251
34 15449
100 4076
29 9775
44 4543
3 11343
45 6086
19 3305
13 4675
50 6624
21 15068
44 15401
52 2137
19 1734
20 5669
42 3954
84 10866
39 11210
77 4021
14 11379
65 8196
22 3524
56 11851
28 9129
58 7431
13 3687
44 9611
12 6359
41 9380
21 2470
20 4852
19 11630
91 9265
98 13298
14 5574
54 1560
20 3285
80 2300
25 14363
32 7518
58 11700
29 14161
72 9505
19 2613
85 58
55 8586
6 11822
89 11889
73 11644
17 12541
52 10060
68 1606
95 15314
89 13875
29 9450
70 395
36 11833
38 6054
9 10046
64 7497
65 3579
77 7915
76 11092
72 11451
8 12926
59 8394
35 12385
2 13908
82 14525
97 9037
92 11906
99 14567
9 13347
99 14147
13 6915
31 8886
93 10969
97 5833
57 14066
45 5831
93 6198
26 7241
44 8375
37 10104
1 12602
89 6051
81 14637
14 5403
52 3720
47 8276
42 12895
23 8387
60 8770
85 14486
22 2865
66 415
93 4414
44 9876
65 13453
27 7245
19 10835
43 12620
44 481
84 12041
98 11906
97 1719
64 6188
24 3823
40 8633
42 13202
87 4589
78 2364
64 8545
43 3974
7 8053
74 14231
41 6310
57 3160
18 12597
88 10607
77 4392
25 4213
74 14154
8 13920
4 12887
31 7048
37 8805
77 4862
91 14376
66 2187
74 7381
60 138
92 6668
64 14592
60 8423
30 12690
81 8941
71 10218
84 7430
16 10372
94 8697
20 2734
84 2343
93 13363
80 3357
35 11370
5 13532
44 15472
75 15304
82 10367
91 4865
14 12072
37 13602
48 15376
39 12321
35 5306
92 12700
98 10693
32 15216
29 11942
91 12033
1 10973
80 12361
77 2813
68 12638
76 14733
7 7437
39 10115
65 9159
68 11369
41 3626
78 6921
61 2862
5 8226
14 8654
90 5442
94 4904
85 8909
75 2216
84 6231
40 1128
91 6732
78 7154
10 13889
72 5556
43 10606
91 4412
15 8201
43 1368
77 14032
94 14058
28 11529
31 12349
2 10167
34 12585
42 3278
63 14484
58 6828
31 2740
33 12308
38 7925
92 8477
81 9500
18 10272
89 1026
85 12799
41 14838
41 14633
19 11842
38 7976
17 9981
54 6499
99 6263
40 15230
50 397
10 229
73 11580
97 6569
56 14001
8 9863
95 10790
23 103
30 3158
93 9362
23 2330
76 14968
98 13027
61 7680
1 4180
94 1726
64 11674
92 14401
32 13568
68 72
64 11327
39 2065
90 5092
70 6012
24 2819
55 12327
54 1688
61 3629
89 3208
98 128
28 4709
25 1293
24 4675
12 2371
37 12296
5 5907
87 4238
35 5871
12 2126
48 9433
48 3254
51 5199
7 12774
68 12803
12 10928
7 15190
46 10981
73 7512
71 12014
14 2324
39 5348
14 4467
84 11604
60 8898
34 796
52 2416
2 978
14 8811
90 11494
94 9507
5 7396
9 14283
14 12303
94 13263
49 10086
32 14940
52 5370
70 180
20 14189
64 13471
54 1292
34 3783
51 11072
57 6237
37 14329
9 2490
56 4144
26 2079
13 6164
39 14104
20 11347
76 892
10 1721
30 10046
32 2273
82 15165
96 15428
97 12723
66 1172
23 10832
16 6251
61 6436
56 14134
13 5022
16 7367
52 11703
98 10734
4 14979
40 5078
67 13614
64 5186
17 13379
10 9336
20 700
29 12775
31 4645
2 14325
92 8233
52 4995
18 6001
70 13430
47 14624
68 12524
61 11147
84 10752
62 10788
38 4656
14 11019
35 12286
49 1397
42 14579
92 11216
5 5706
9 7971
10 5858
82 670
48 7217
14 2405
8 2320
65 10435
70 1676
10 4739
76 10633
78 7808
18 8396
25 12038
59 12665
23 4346
89 14181
26 5009
90 345
65 10038
19 2393
78 7618
1 6178
44 9946
95 13958
31 4822
2 9500
11 9357
27 2262
59 5086
12 13942
67 11938
65 14071
53 5245
31 10634
22 13032
70 13589
27 9030
70 9101
71 1409
18 4799
1 5451
83 7718
3 14894
18 10331
65 11269
15 14158
75 13069
69 2449
11 9293
77 394
86 9632
28 9859
86 8152
37 7659
9 11458
4 5938
81 10673
33 6221
50 3285
82 6695
57 12509
43 3339
11 2244
46 5599
33 8507
68 9458
70 5993
2 2756
9 8673
97 7797
13 4748
32 5802
19 12818
68 13329
68 7878
51 2621
95 12979
24 5693
75 3256
1 12720
42 2835
58 6901
47 42
3 5305
36 11822
82 8611
78 5588
60 6987
47 15038
98 5123
61 10814
45 5556
93 4185
76 14719
12 10210
39 9334
73 949
79 12685
13 1519
28 2686
47 5119
33 9058
10 4725
38 5461
91 7960
31 7660
55 12779
91 14729
48 4750
85 12263
32 10651
82 7064
57 4701
79 14991
61 1531
22 11137
49 11518
52 1938
59 10945
13 4438
35 2551
54 12629
46 6258
9 252
44 10632
56 10904
61 1737
7 13807
41 4450
14 7860
83 15414
65 4198
14 3142
91 8350
96 1753
51 7869
85 5148
74 764
74 5548
70 5479
43 4972
66 10754
53 11789
7 6336
61 14286
23 10911
8 3639
76 10185
54 9174
19 9613
75 12353
90 10966
14 13394
58 6322
76 13783
24 8205
64 9349
79 7235
26 2431
33 13681
48 5291
61 10043
78 2862
65 6226
3 12170
36 2355
8 11446
54 3270
91 9695
29 12824
26 6517
68 4357
47 2752
40 12983
77 12951
67 14670
44 4316
5 9848
97 6332
12 14611
10 1499
96 10867
9 9459
65 5862
96 2642
38 8224
8 1286
18 2836
64 4994
68 2548
27 9813
73 13517
91 8522
51 10466
99 3181
49 2287
17 6390
25 14587
23 1737
60 6445
72 7640
58 2864
93 14730
38 6654
79 5235
8 13946
11 8847
47 10110
93 7920
72 7984
52 10394
75 3970
45 14446
22 5167
76 8846
10 1911
90 11215
44 13725
7 10007
51 12506
19 4265
96 15484
86 7994
46 13720
12 780
40 13725
71 4517
68 7881
56 4880
17 2885
20 1255
75 12603
38 2218
7 13586
87 10084
81 9822
43 11088
65 5378
89 14282
81 9040
17 7083
57 1994
78 11804
3 14511
14 6988
17 15118
94 4513
64 13579
27 3072
27 5624
91 14034
35 6701
39 6221
93 8075
40 13348
89 10088
76 15340
28 3420
94 14990
4 7499
91 7460
98 11132
6 1107
73 5152
46 7851
60 2358
100 1886
54 12084
70 2598
44 5081
61 2256
78 3616
2 11045
4 14872
50 15223
42 5511
61 13761
13 12389
51 10061
30 5041
17 12526
96 13085
97 10972
61 6217
78 3740
84 14257
65 10191
13 11863
47 235
55 12462
65 5406
98 11948
12 2259
15 14060
100 14392
45 4520
7 3513
28 5347
44 11165
59 1821
82 13403
77 9125
87 3209
87 5466
82 14857
51 12963
14 155
54 10581
20 9075
19 4578
71 5733
37 13525
90 7407
50 5705
97 8858
6 7332
66 4801
81 7692
52 4819
80 3535
49 3916
68 186
53 4118
4 2805
63 3458
9 10543
31 11840
11 11867
43 14680
70 4618
85 2303
79 9391
33 5121
47 929
96 15311
49 10062
7 3575
14 4568
39 14576
47 5025
87 12174
56 3155
88 10128
56 10644
53 5361
35 8497
48 12955
20 6288
77 13862
53 5656
60 8415
58 5526
24 5799
35 706
83 9381
66 2322
2 14934
55 13705
7 7089
75 11144
95 6142
83 9185
88 365
85 12277
3 3585
27 13290
39 4704
34 15138
15 5261
68 13586
87 14504
5 7623
46 9445
36 9625
21 6748
66 3479
42 13218
33 9002
46 4240
45 1291
57 12828
72 8968
75 10580
21 4571
98 5858
94 15
32 8476
70 11942
87 8510
2 10369
9 4390
69 13270
60 13183
93 9411
38 9456
15 1302
59 8656
36 8727
27 7632
24 8465
26 9926
48 7260
91 8390
78 1301
13 10172
38 9177
19 10885
9 2604
41 14990
78 6368
38 4156
34 3845
78 14624
21 7635
98 9457
100 5826
90 9204
56 7732
58 13897
57 4298
96 15580
83 12609
56 1779
48 1970
70 8603
6 9453
64 14926
89 11273
69 14761
82 2139
3 15496
9 1320
35 5211
31 8679
20 2034
87 13686
61 12143
6 13105
9 2934
88 6189
55 15522
56 5333
17 2719
42 2956
97 9179
4 7719
42 4465
12 10759
78 2068
70 12986
27 3164
24 168
47 6188
76 5206
84 14293
57 190
100 6179
28 14307
26 6067
40 77
7 10181
80 13807
30 12689
71 15259
86 8672
76 10362
68 304
89 10175
28 10291
47 4067
87 5283
94 8555
11 12115
13 12744
32 2083
63 10216
28 3758
73 6762
