95 11215
44 5499
94 1358
43 7608
92 6673
62 4799
30 6854
65 11092
69 10533
3 5042
66 12226
51 215
67 2968
67 55
70 4164
48 1833
40 798
54 8122
83 8105
90 11028
20 7743
3 3281
48 11162
22 1356
68 3332
87 10766
10 900
4 22
10 8969
98 9216
31 10020
86 843
34 3664
87 4130
99 11809
18 1418
57 1776
11 8321
6 7354
69 11969
47 207
11 3442
69 9707
100 532
7 8754
8 6237
84 10482
24 1778
98 5423
54 5848
90 2558
51 11473
53 4354
53 4448
91 4567
76 11303
14 11989
84 6499
38 5989
90 11686
82 7590
59 6104
5 12360
41 4257
83 6752
46 1834
95 5635
86 9746
6 9754
99 9646
91 9949
83 3533
75 11582
44 5057
92 3559
21 2445
5 7667
20 3620
32 8131
77 5498
8 7068
52 2030
72 12874
51 7707
55 6471
8 10022
13 5467
79 11712
61 666
29 7887
36 6221
94 5520
14 6235
38 1515
48 6803
75 8254
52 11776
83 958
13 5922
25 11720
22 8487
87 4926
87 11
11 4762
85 11627
24 1584
16 11655
46 7482
45 2975
60 2553
56 10068
99 5165
71 3613
69 8876
73 1528
79 414
47 8245
98 1673
50 2871
86 5839
39 12038
73 5744
46 1890
47 8933
52 3543
79 2112
9 2464
79 10057
3 8684
1 7224
3 6463
25 220
79 9100
6 461
53 6556
89 1467
100 9668
26 584
72 6213
10 3040
91 9894
26 7733
97 12396
48 11288
25 181
25 3194
69 4238
71 13170
15 9896
61 4893
28 4044
35 1139
21 1946
47 12282
17 3026
58 1849
77 12048
91 5486
3 2696
75 9485
43 2247
84 928
23 5445
51 10633
49 4526
65 3939
35 12706
35 3168
20 8356
41 6415
28 7007
3 10456
52 230
23 6530
96 303
67 3077
61 5905
29 6718
43 9565
13 437
31 9882
4 5545
39 10252
38 4316
17 5532
51 1190
96 8969
68 7617
69 3210
69 4223
7 12068
59 12850
90 2223
42 12226
24 4722
88 7085
100 2041
80 285
85 11377
57 8995
22 5430
19 950
5 11337
100 12631
33 9578
60 8423
78 7308
85 8108
81 10728
90 12568
52 2683
17 10481
70 2837
48 11377
8 4083
95 2315
86 3828
16 810
22 5426
19 5719
63 7096
31 10560
26 12077
53 6296
8 1458
18 2104
81 3194
46 631
68 1272
83 12101
16 625
53 6122
29 2320
21 9368
15 8980
6 9559
58 12482
51 5372
62 7891
27 610
35 1447
89 6982
57 8607
33 777
18 399
50 9172
20 9224
69 2381
92 4807
31 6202
65 12151
41 2489
99 795
91 6366
81 10124
1 9793
65 10075
65 9224
7 3678
38 150
82 939
13 275
71 3760
37 7444
47 502
26 6402
37 2490
16 2193
24 12309
8 5462
84 5485
78 4141
16 6118
11 8649
22 558
61 1629
90 1018
95 12278
29 1694
3 1903
64 4045
35 5105
69 437
86 9382
70 10533
93 6033
71 2164
36 4518
73 7180
43 9041
66 2143
88 1782
72 10034
42 10677
45 8107
29 10341
92 2381
61 4765
50 7845
64 3357
68 7231
100 7587
65 11418
28 284
1 2487
94 11690
31 4781
23 703
27 8723
99 3751
76 10647
25 7379
97 6743
52 664
76 3582
2 6266
30 1311
32 8694
90 11860
91 4398
71 3243
85 4710
79 7708
85 5087
71 5957
51 4310
59 5418
7 10975
51 3670
90 6909
64 12016
95 2410
11 5865
45 4706
65 268
9 5400
75 6231
41 2107
64 5764
97 12557
32 10467
46 2864
82 3368
98 7953
85 11374
6 5711
53 1313
99 11017
57 4999
31 3844
64 11259
36 11327
11 4404
98 12636
24 381
96 7985
48 2202
41 7616
92 9451
10 11597
81 11536
2 10872
35 7023
34 11657
1 8778
53 11108
36 12235
33 9235
90 2985
67 11738
71 12636
67 10360
86 1796
38 5624
30 10493
43 13074
49 13226
9 5778
87 314
98 7342
36 7984
50 8845
20 12769
90 2293
14 12105
59 2251
27 5866
71 385
28 4417
31 12922
48 1498
81 8901
68 4167
93 5536
59 4278
25 2330
17 1873
18 11244
65 6255
19 10344
56 8711
15 8328
65 11601
99 1473
77 6506
28 8204
93 12278
58 10037
20 5670
80 5606
96 10447
87 7591
45 8672
46 8880
62 2162
21 8891
27 10942
3 4434
12 12618
77 4006
76 12253
87 6604
95 5690
79 236
55 8001
83 4281
87 7623
55 1700
21 12289
37 2106
11 27
13 2255
43 3270
51 2503
30 5855
88 8287
92 11709
8 12047
19 3995
59 915
13 9375
97 8320
73 1542
4 4014
51 4492
99 2580
18 2679
76 4789
43 1851
35 1441
34 11777
25 11579
53 2823
95 3343
63 195
4 4482
61 4486
6 3618
27 2484
99 9085
62 1452
64 5694
71 2717
42 6673
31 4328
36 11135
64 11900
4 13050
81 696
90 5970
25 8147
68 4829
56 11751
89 586
4 1672
14 5101
37 2275
35 6866
22 1313
6 6072
2 10327
62 54
92 5685
10 12203
94 5162
22 4412
8 12355
69 9383
5 11876
88 9842
42 4180
61 6349
99 9500
25 2438
7 5090
36 671
88 10203
60 5348
55 5359
68 6125
