11 8723
22 5088
17 4785
44 4996
72 8497
39 8764
56 10634
44 8715
66 8293
5 4483
56 851
24 9529
63 1186
41 5620
86 8805
57 7114
49 7726
18 11144
84 8947
43 9413
52 5436
46 9229
23 3079
49 1591
11 10861
39 1078
43 4703
52 9348
26 7163
92 3412
5 8555
78 10974
94 1898
49 2038
57 10957
45 10549
40 2448
14 1471
13 570
49 6916
25 2885
44 2588
80 9945
81 3477
50 7725
54 10904
1 9249
76 2088
78 3714
67 6793
98 10700
23 4774
21 7955
26 10359
35 10547
26 9775
5 7720
61 2192
40 1166
18 6512
16 9785
12 8954
16 9485
48 4956
83 8691
14 9276
75 6388
85 5946
85 5873
58 11229
68 3621
77 3966
35 4721
92 11481
55 7219
100 5554
57 3697
95 10684
18 10815
54 3893
39 9789
2 9635
6 7099
14 6054
61 1828
25 3159
31 7766
24 2536
28 3528
7 3367
53 936
11 6300
24 8663
44 10674
62 11189
90 4157
8 5747
80 686
82 4399
34 2440
87 1920
94 7354
97 10086
3 11334
65 11483
58 9844
29 7657
38 525
19 7689
27 5986
73 3568
9 11204
23 9742
38 7761
66 17
77 4131
42 4630
3 7917
93 191
10 9505
93 4898
98 9492
28 7783
10 3205
4 6708
77 5574
86 7879
10 3054
5 9433
75 6350
66 9746
28 9565
4 2436
18 6248
25 10093
21 9497
79 2953
43 54
88 4314
60 8901
64 5474
48 11013
19 1467
46 2656
77 5130
19 7427
19 2497
93 2278
52 6497
75 5927
66 10741
33 11182
73 3116
79 4172
86 11615
33 1189
14 2036
30 2492
18 290
53 8059
65 5217
22 328
22 9798
4 7451
72 5802
81 5554
74 3849
62 7090
98 11052
37 6429
8 7557
5 6078
99 6608
96 4304
26 4745
37 4424
65 8059
19 5222
23 2301
99 4073
76 3099
87 9222
96 10849
60 6420
5 1336
61 5101
84 9297
51 11563
95 2181
84 3643
44 6236
88 7837
1 4861
59 4798
70 9722
26 1100
64 5240
11 7752
18 7064
88 10552
65 1559
90 6671
30 6830
19 7659
74 4127
66 7424
38 11729
71 10963
96 1751
10 5747
84 2688
85 5603
43 6525
59 2235
56 5104
80 1392
65 5529
87 5601
50 4827
15 8100
73 4867
91 5032
89 5663
47 3499
22 4132
8 208
26 1676
49 7400
28 4388
22 8320
5 3764
99 6320
77 8630
52 2949
7 7761
48 10641
61 6632
39 5427
89 7160
65 6628
4 7090
78 6100
90 9783
78 7039
65 8620
46 9329
71 1098
66 2860
52 10716
28 1099
83 8809
90 6554
87 10911
95 7577
75 6237
87 4643
17 8292
34 9687
78 1012
77 4767
48 3832
91 1280
88 5386
41 7997
48 8243
62 3109
3 5063
95 3480
36 4588
71 9502
39 1985
46 4516
12 9035
9 10919
43 8962
49 5290
85 8446
11 6224
73 5547
33 10642
48 7178
55 8779
51 6096
11 5766
2 3255
86 11072
47 5980
41 11663
46 1111
7 5649
45 8623
38 2387
55 10573
13 2508
76 8861
8 5407
12 10292
14 5521
22 5574
86 11747
9 5084
22 786
50 3629
82 11537
8 2032
8 10117
4 7888
34 10006
98 5247
87 238
38 3448
56 8687
29 6941
9 11335
15 4978
15 4621
76 7387
78 11374
76 2786
67 9642
66 5023
49 5310
38 6520
97 9356
86 7916
60 9616
63 5461
58 6664
99 8661
45 9352
89 2638
75 11372
53 10194
5 4132
88 8451
42 2287
94 10331
1 4764
8 4955
38 4726
34 3410
94 3390
15 2878
35 5992
82 10163
98 8769
25 5997
40 1574
2 4064
100 8020
64 11521
9 2001
73 5625
19 6783
13 5164
99 5802
44 11694
6 3518
20 5471
49 5872
46 4390
86 10805
61 2840
4 10697
24 3723
90 1812
71 8991
10 5699
22 10934
26 6821
90 883
65 3987
47 592
73 4514
99 8864
70 5199
22 5622
24 1189
7 10396
1 10176
31 3479
36 3254
26 6630
61 4582
65 5090
78 8909
3 5453
71 5686
35 3524
85 5901
39 11381
37 4257
59 8819
82 4275
11 3956
89 535
30 6499
41 10607
9 10378
63 8499
21 10729
30 11554
4 2139
61 1487
29 3733
76 9445
26 6958
99 9010
72 3486
3 2571
52 9059
50 11166
2 5046
26 6792
88 5575
76 745
74 5955
84 1507
43 4008
99 6963
65 3358
78 6626
6 1596
72 4535
30 10470
5 3845
93 5820
59 11744
41 5541
87 1922
50 4728
7 9489
85 5066
89 4410
65 2657
31 7143
99 5885
75 8534
99 4006
57 6909
55 10716
92 10228
75 4264
58 1144
67 2575
49 7631
12 8824
75 2596
82 750
75 3077
12 4299
21 29
54 8904
78 8007
79 8965
79 5959
37 4108
57 9603
45 10611
86 8388
26 1960
71 6212
11 3172
25 10540
55 8304
73 3924
18 8222
12 6146
36 6268
42 8764
66 9751
88 102
75 2466
22 3793
89 8154
90 7293
45 5128
83 2149
60 10101
10 7374
27 6056
3 3741
34 4629
98 8095
38 4264
39 7538
36 1938
91 4035
40 6566
1 1044
16 2240
20 3579
41 1156
47 11194
47 3213
50 11607
89 5210
94 11038
88 9625
20 10736
