11.graph	8723	8	8	2	2	2	2	2	2	0.0007634163	0.0000627041	0	1000	ENSG00000166783
22.graph	5088	9	11	4	6	2	2	2	2	0.0009365082	0.0001268387	0	1000	ENSG00000147454
17.graph	4785	13	17	4	8	3	3	3	3	0.0012404919	0.0002021790	0	1000	ENSG00000198157
44.graph	4996	14	16	4	6	2	2	2	2	0.0011050701	0.0001251698	0	1000	ENSG00000091879
72.graph	8497	23	34	5	16	6	6	6	6	0.0268988609	0.0245139599	0	1000	ENSG00000140416
39.graph	8764	12	13	3	4	2	2	2	2	0.0010013580	0.0000956059	0	1000	ENSG00000155666
56.graph	10634	19	24	5	10	3	3	3	3	0.0015971661	0.0003080368	0	1000	ENSG00000131351
44.graph	8715	25	28	4	7	3	3	3	3	0.0016205311	0.0001683235	0	1000	ENSG00000126602
66.graph	8293	23	33	8	18	5	5	5	5	0.0048935413	0.0030951500	0	1000	ENSG00000168803
5.graph	4483	29	32	5	8	2	2	2	2	0.0017304420	0.0001525879	0	1000	ENSG00000064419
56.graph	851	11	12	3	4	2	2	2	2	0.0009396076	0.0000939369	0	1000	ENSG00000116218
24.graph	9529	30	45	6	21	6	6	6	6	0.0186727047	0.0162775517	0	1000	ENSG00000108852
63.graph	1186	22	23	3	4	2	2	2	2	0.0013053417	0.0000941753	0	1000	ENSG00000163811
41.graph	5620	7	8	3	4	2	2	2	2	0.0007731915	0.0001013279	0	1000	ENSG00000066697
86.graph	8805	25	33	5	13	4	4	4	4	0.0023043156	0.0006458759	0	1000	ENSG00000066813
57.graph	7114	12	15	3	6	3	3	3	3	0.0011265278	0.0001733303	0	1000	ENSG00000134533
49.graph	7726	11	12	3	4	2	2	2	2	0.0009374619	0.0000963211	0	1000	ENSG00000188811
18.graph	11144	22	26	4	8	3	3	3	3	0.0016164780	0.0002002716	0	1000	ENSG00000204577
84.graph	8947	22	30	6	14	4	4	4	4	0.0025863647	0.0010137558	0	1000	ENSG00000102878
43.graph	9413	11	13	4	6	2	2	2	2	0.0010130405	0.0001330376	0	1000	ENSG00000126653
52.graph	5436	11	13	4	6	2	2	2	2	0.0009911060	0.0001277924	0	1000	ENSG00000161016
46.graph	9229	10	13	4	7	4	3	4	4	0.1682636738	0.0005972385	0	1000	ENSG00000129197
23.graph	3079	24	35	5	16	5	5	5	5	0.0043990612	0.0026514530	0	1000	ENSG00000164253
49.graph	1591	33	34	3	4	2	2	2	2	0.0017080307	0.0000944138	0	1000	ENSG00000144285
11.graph	10861	18	25	5	12	4	4	4	4	0.0019564629	0.0005643368	0	1000	ENSG00000188493
39.graph	1078	30	32	4	6	2	2	2	2	0.0016734600	0.0001251698	0	1000	ENSG00000186487
43.graph	4703	17	19	4	6	2	2	2	2	0.0011937618	0.0001277924	0	1000	ENSG00000102225
52.graph	9348	15	18	5	8	2	2	2	2	0.0012218952	0.0001571178	0	1000	ENSG00000065559
26.graph	7163	17	18	3	4	2	2	2	2	0.0011494160	0.0000946522	0	1000	ENSG00000066117
92.graph	3412	31	36	5	10	3	3	3	3	0.0020120144	0.0003089905	0	1000	ENSG00000113645
5.graph	8555	8	9	3	4	2	2	2	2	0.0008118153	0.0000987053	0	1000	ENSG00000188659
78.graph	10974	17	23	5	11	3	3	3	3	0.0015470982	0.0002689362	0	1000	ENSG00000105202
94.graph	1898	8	10	4	6	2	2	2	2	0.0008797646	0.0001251698	0	1000	ENSG00000131368
49.graph	2038	11	13	4	6	2	2	2	2	0.0009851456	0.0001287460	0	1000	ENSG00000196345
57.graph	10957	16	21	6	11	3	3	3	3	0.0014827251	0.0002300739	0	1000	ENSG00000248098
45.graph	10549	23	32	7	16	4	4	4	4	0.0023262501	0.0006206036	0	1000	ENSG00000213339
40.graph	2448	19	21	4	6	2	2	2	2	0.0012853146	0.0001292229	0	1000	ENSG00000114757
14.graph	1471	13	14	3	4	2	2	2	2	0.0009887218	0.0000956059	0	1000	ENSG00000115762
13.graph	570	8	9	3	4	2	2	2	2	0.0008051395	0.0000979900	0	1000	ENSG00000203857
49.graph	6916	8	10	4	6	2	2	2	2	0.0008969307	0.0001270771	0	1000	ENSG00000119919
25.graph	2885	13	15	4	6	2	2	2	2	0.0010747910	0.0001256466	0	1000	ENSG00000164144
44.graph	2588	31	33	4	6	3	2	3	3	0.0120697021	0.0002582073	0	1000	ENSG00000007062
80.graph	9945	29	36	6	13	4	4	4	4	0.0022220612	0.0004203320	0	1000	ENSG00000079134
81.graph	3477	26	32	4	10	4	4	4	4	0.0022184849	0.0006487370	0	1000	ENSG00000181355
50.graph	7725	29	34	5	10	3	3	3	3	0.0019192696	0.0002336502	0	1000	ENSG00000139746
54.graph	10904	12	13	3	4	2	2	2	2	0.0009930134	0.0001032352	0	1000	ENSG00000105202
1.graph	9249	11	12	3	4	2	2	2	2	0.0009322166	0.0000979900	0	1000	ENSG00000239697
76.graph	2088	11	13	4	6	2	2	2	2	0.0009896755	0.0001330376	0	1000	ENSG00000173366
78.graph	3714	11	13	4	6	2	2	2	2	0.0010428429	0.0001320839	0	1000	ENSG00000157343
67.graph	6793	12	13	3	4	2	2	2	2	0.0009651184	0.0000936985	0	1000	ENSG00000165887
98.graph	10700	17	22	5	10	3	3	3	3	0.0014801025	0.0002653599	0	1000	ENSG00000089356
23.graph	4774	17	20	5	8	2	2	2	2	0.0012888908	0.0001559258	0	1000	ENSG00000126733
21.graph	7955	9	13	4	8	3	3	3	3	0.0011024475	0.0001976490	0	1000	ENSG00000180008
26.graph	10359	25	26	3	4	2	2	2	2	0.0014412403	0.0000946522	0	1000	ENSG00000088247
35.graph	10547	11	13	4	6	2	2	2	2	0.0010166168	0.0001263618	0	1000	ENSG00000130803
26.graph	9775	21	22	3	4	2	2	2	2	0.0013091564	0.0000967979	0	1000	ENSG00000169683
5.graph	7720	17	18	3	4	2	2	2	2	0.0011374950	0.0000932217	0	1000	ENSG00000136143
61.graph	2192	20	27	5	12	4	4	4	4	0.0020310879	0.0005962849	0	1000	ENSG00000170854
40.graph	1166	13	13	2	2	2	2	2	2	0.0009195805	0.0000617504	0	1000	ENSG00000171174
18.graph	6512	19	30	6	17	6	6	6	6	0.0305390358	0.0281674862	0	1000	ENSG00000134470
16.graph	9785	45	47	3	5	3	3	3	3	0.0022654533	0.0001425743	0	1000	ENSG00000266714
12.graph	8954	9	12	3	6	3	3	3	3	0.0010328293	0.0001688004	0	1000	ENSG00000167397
16.graph	9485	8	9	3	4	2	2	2	2	0.0008521080	0.0000946522	0	1000	ENSG00000161395
48.graph	4956	10	11	3	4	2	2	2	2	0.0008819103	0.0000948906	0	1000	ENSG00000269556
83.graph	8691	24	36	6	18	6	6	6	6	0.0351014137	0.0327732563	0	1000	ENSG00000122390
14.graph	9276	21	25	4	8	3	3	3	3	0.0015563965	0.0002458096	0	1000	ENSG00000007237
75.graph	6388	15	21	5	11	4	4	4	4	0.0016961098	0.0004401207	0	1000	ENSG00000110723
85.graph	5946	21	28	7	14	3	3	3	3	0.0017986298	0.0003294945	0	1000	ENSG00000165915
85.graph	5873	12	15	5	8	2	2	2	2	0.0011200905	0.0001564026	0	1000	ENSG00000166796
58.graph	11229	15	17	4	6	2	2	2	2	0.0011587143	0.0001294613	0	1000	ENSG00000182902
68.graph	3621	31	32	3	4	2	2	2	2	0.0016314983	0.0000946522	0	1000	ENSG00000204371
77.graph	3966	17	20	5	8	2	2	2	2	0.0012731552	0.0001599789	0	1000	ENSG00000164638
35.graph	4721	5	5	2	2	2	2	2	2	0.0006542206	0.0000636578	0	1000	ENSG00000189023
92.graph	11481	26	34	6	14	4	4	4	4	0.0025463104	0.0008172989	0	1000	ENSG00000196588
55.graph	7219	44	64	10	30	9	9	9	9	4.6433188915	4.5868654251	0	1000	ENSG00000166888
100.graph	5554	9	13	4	8	3	3	3	3	0.0011038780	0.0002057552	0	1000	ENSG00000174038
57.graph	3697	17	20	5	8	2	2	2	2	0.0012748241	0.0001578331	0	1000	ENSG00000156711
95.graph	10684	20	20	2	2	2	2	2	2	0.0011944771	0.0000629425	0	1000	ENSG00000127511
18.graph	10815	29	31	4	6	2	2	2	2	0.0016431808	0.0001208782	0	1000	ENSG00000104814
54.graph	3893	14	17	3	6	4	4	4	4	0.0015044212	0.0004210472	0	1000	ENSG00000123505
39.graph	9789	19	31	4	16	6	6	6	6	0.0197446346	0.0177154541	0	1000	ENSG00000181038
2.graph	9635	14	20	4	10	4	4	4	4	0.0017104149	0.0005335808	0	1000	ENSG00000120093
6.graph	7099	19	24	6	11	3	3	3	3	0.0016338825	0.0003750324	0	1000	ENSG00000134283
14.graph	6054	13	15	4	6	2	2	2	2	0.0010595322	0.0001256466	0	1000	ENSG00000110077
61.graph	1828	33	38	6	11	3	3	3	3	0.0021040440	0.0002341270	0	1000	ENSG00000144481
25.graph	3159	48	65	7	24	8	8	8	8	0.6064505577	0.5936903954	0	1000	ENSG00000153113
31.graph	7766	26	28	4	6	2	2	2	2	0.0015513897	0.0001313686	0	1000	ENSG00000139746
24.graph	2536	12	16	4	8	3	3	3	3	0.0011839867	0.0001974106	0	1000	ENSG00000173950
28.graph	3528	7	8	3	4	2	2	2	2	0.0007777214	0.0000996590	0	1000	ENSG00000181315
7.graph	3367	26	35	5	14	4	4	4	4	0.0024631023	0.0007655621	0	1000	ENSG00000055147
53.graph	936	10	12	4	6	2	2	2	2	0.0009329319	0.0001258850	0	1000	ENSG00000263961
11.graph	6300	30	34	4	8	3	3	3	3	0.0019102097	0.0002057552	0	1000	ENSG00000149262
24.graph	8663	15	20	4	9	3	3	3	3	0.0013632774	0.0002305508	0	1000	ENSG00000122386
44.graph	10674	17	19	4	6	2	2	2	2	0.0012164116	0.0001263618	0	1000	ENSG00000105607
62.graph	11189	12	17	5	10	3	3	3	3	0.0013048649	0.0002734661	0	1000	ENSG00000121417
90.graph	4157	21	27	6	12	3	3	3	3	0.0017654896	0.0003767014	0	1000	ENSG00000136279
8.graph	5747	23	25	4	6	2	2	2	2	0.0014433861	0.0001316071	0	1000	ENSG00000160271
80.graph	686	12	13	3	4	2	2	2	2	0.0009551048	0.0000946522	0	1000	ENSG00000143545
82.graph	4399	14	17	3	6	3	3	3	3	0.0012288094	0.0001697540	0	1000	ENSG00000106302
34.graph	2440	24	31	4	11	4	4	4	4	0.0021164417	0.0005781651	0	1000	ENSG00000114757
87.graph	1920	9	12	3	6	3	3	3	3	0.0010001659	0.0001661777	0	1000	ENSG00000196639
94.graph	7354	17	19	4	6	2	2	2	2	0.0012488365	0.0001275539	0	1000	ENSG00000165891
97.graph	10086	12	14	4	6	2	2	2	2	0.0010356903	0.0001246929	0	1000	ENSG00000166401
3.graph	11334	11	13	4	6	2	2	2	2	0.0010235310	0.0001270771	0	1000	ENSG00000185340
65.graph	11483	11	13	4	6	2	2	2	2	0.0010669231	0.0001308918	0	1000	ENSG00000128346
58.graph	9844	13	15	4	6	2	2	2	2	0.0011038780	0.0001270771	0	1000	ENSG00000141401
29.graph	7657	16	18	4	6	2	2	2	2	0.0012135506	0.0001256466	0	1000	ENSG00000180776
38.graph	525	20	27	5	12	4	4	4	4	0.0020425320	0.0006024837	0	1000	ENSG00000134222
19.graph	7689	29	36	3	10	5	5	5	5	0.0042462349	0.0024230480	0	1000	ENSG00000102606
27.graph	5986	9	10	3	4	2	2	2	2	0.0008614063	0.0000989437	0	1000	ENSG00000110436
73.graph	3568	20	27	5	12	4	4	4	4	0.0019035339	0.0004832745	0	1000	ENSG00000186470
9.graph	11204	8	10	4	6	2	2	2	2	0.0009322166	0.0001344681	0	1000	ENSG00000261221
23.graph	9742	11	15	4	8	3	3	3	3	0.0011973381	0.0002431870	0	1000	ENSG00000172809
38.graph	7761	11	14	3	6	4	4	4	4	0.0012819767	0.0003001690	0	1000	ENSG00000102804
66.graph	17	14	16	4	6	2	2	2	2	0.0010771751	0.0001254082	0	1000	ENSG00000107404
77.graph	4131	18	20	4	6	2	2	2	2	0.0012469292	0.0001270771	0	1000	ENSG00000277149
42.graph	4630	22	28	5	11	4	4	4	4	0.0020511150	0.0005714893	0	1000	ENSG00000183337
3.graph	7917	29	31	4	6	2	2	2	2	0.0016489029	0.0001277924	0	1000	ENSG00000198554
93.graph	191	30	36	6	12	4	4	4	4	0.0023827553	0.0006499290	0	1000	ENSG00000176092
10.graph	9505	19	20	3	4	2	2	2	2	0.0012125969	0.0000970364	0	1000	ENSG00000161714
93.graph	4898	11	13	4	6	2	2	2	2	0.0010349751	0.0001270771	0	1000	ENSG00000102076
98.graph	9492	28	36	7	15	4	4	4	4	0.0025324821	0.0007188320	0	1000	ENSG00000108799
28.graph	7783	26	32	5	11	4	4	4	4	0.0021169186	0.0004858971	0	1000	ENSG00000102606
10.graph	3205	13	15	4	6	2	2	2	2	0.0010674000	0.0001280308	0	1000	ENSG00000152700
4.graph	6708	19	23	4	8	3	3	3	3	0.0014634132	0.0002090931	0	1000	ENSG00000107643
77.graph	5574	31	36	6	11	3	3	3	3	0.0019979477	0.0002319813	0	1000	ENSG00000041982
86.graph	7879	32	48	7	23	6	6	6	6	0.0276544094	0.0248892307	0	1000	ENSG00000100897
10.graph	3054	20	25	5	10	3	3	3	3	0.0015730858	0.0002725124	0	1000	ENSG00000153914
5.graph	9433	11	13	4	6	2	2	2	2	0.0009951591	0.0001225471	0	1000	ENSG00000179761
75.graph	6350	9	11	4	6	2	2	2	2	0.0009286404	0.0001254082	0	1000	ENSG00000042429
66.graph	9746	9	10	3	4	2	2	2	2	0.0008635521	0.0000960827	0	1000	ENSG00000182481
28.graph	9565	17	21	4	8	3	3	3	3	0.0013923645	0.0002059937	0	1000	ENSG00000141699
4.graph	2436	29	40	8	19	5	5	5	5	0.0036487579	0.0015723705	0	1000	ENSG00000177565
18.graph	6248	9	9	2	2	2	2	2	2	0.0007748604	0.0000619888	0	1000	ENSG00000175567
25.graph	10093	7	8	3	4	2	2	2	2	0.0011355877	0.0001435280	0	1000	ENSG00000171791
21.graph	9497	24	35	6	17	7	6	7	7	8.1847004890	0.1580080986	0	1000	ENSG00000073584
79.graph	2953	16	22	6	12	3	3	3	3	0.0015156269	0.0003376007	0	1000	ENSG00000082213
43.graph	54	15	17	4	6	2	2	2	2	0.0011239052	0.0001275539	0	1000	ENSG00000204859
88.graph	4314	23	29	6	12	3	3	3	3	0.0018022060	0.0003414154	0	1000	ENSG00000004948
60.graph	8901	7	8	3	4	2	2	2	2	0.0007834435	0.0000977516	0	1000	ENSG00000121281
64.graph	5474	45	50	6	11	3	3	3	3	0.0025060177	0.0002262592	0	1000	ENSG00000071894
48.graph	11013	18	23	5	10	3	3	3	3	0.0015521049	0.0003073215	0	1000	ENSG00000105483
19.graph	1467	22	26	4	8	4	4	4	4	0.0019512177	0.0005738735	0	1000	ENSG00000136717
46.graph	2656	55	59	4	8	4	4	4	4	0.0029759407	0.0003299713	0	1000	ENSG00000075539
77.graph	5130	10	11	3	4	2	2	2	2	0.0008976460	0.0000965595	0	1000	ENSG00000147601
19.graph	7427	30	34	6	10	2	2	2	2	0.0018768311	0.0001826286	0	1000	ENSG00000204842
19.graph	2497	8	10	4	6	2	2	2	2	0.0008778572	0.0001282692	0	1000	ENSG00000145217
93.graph	2278	12	12	2	2	2	2	2	2	0.0008790493	0.0000612736	0	1000	ENSG00000069849
52.graph	6497	18	25	5	12	4	4	4	4	0.0020492077	0.0007288456	0	1000	ENSG00000186318
75.graph	5927	9	11	4	6	2	2	2	2	0.0009350777	0.0001287460	0	1000	ENSG00000134339
66.graph	10741	22	22	2	2	2	2	2	2	0.0012810230	0.0000619888	0	1000	ENSG00000121289
33.graph	11182	14	20	5	11	3	3	3	3	0.0014591217	0.0003077984	0	1000	ENSG00000167747
73.graph	3116	19	20	3	4	2	2	2	2	0.0012204647	0.0001013279	0	1000	ENSG00000249437
79.graph	4172	13	17	5	9	3	3	3	3	0.0012366772	0.0002036095	0	1000	ENSG00000071462
86.graph	11615	7	8	3	4	2	2	2	2	0.0008332729	0.0000996590	0	1000	ENSG00000217442
33.graph	1189	19	22	5	8	2	2	2	2	0.0013420582	0.0001561642	0	1000	ENSG00000152683
14.graph	2036	12	17	5	10	3	3	3	3	0.0012857914	0.0002415180	0	1000	ENSG00000114378
30.graph	2492	17	22	4	9	3	3	3	3	0.0014305115	0.0002443790	0	1000	ENSG00000136527
18.graph	290	14	18	4	8	3	3	3	3	0.0012614727	0.0002079010	0	1000	ENSG00000131238
53.graph	8059	13	13	2	2	2	2	2	2	0.0009336472	0.0000615120	0	1000	ENSG00000015133
65.graph	5217	10	11	3	4	2	2	2	2	0.0008885860	0.0001020432	0	1000	ENSG00000176623
22.graph	328	10	11	3	4	2	2	2	2	0.0008811951	0.0000951290	0	1000	ENSG00000142937
22.graph	9798	15	17	4	6	2	2	2	2	0.0011668205	0.0001287460	0	1000	ENSG00000141540
4.graph	7451	24	25	3	4	2	2	2	2	0.0014007092	0.0000951290	0	1000	ENSG00000180263
72.graph	5802	12	17	5	10	3	3	3	3	0.0013332367	0.0003075600	0	1000	ENSG00000160404
81.graph	5554	33	47	7	21	6	6	6	6	0.0314674377	0.0285580158	0	1000	ENSG00000198000
74.graph	3849	33	42	7	16	4	4	4	4	0.0029182434	0.0009739399	0	1000	ENSG00000146263
62.graph	7090	21	24	3	6	3	3	3	3	0.0014607906	0.0001664162	0	1000	ENSG00000171681
98.graph	11052	13	16	5	8	2	2	2	2	0.0011522770	0.0001516342	0	1000	ENSG00000167555
37.graph	6429	17	21	4	8	3	3	3	3	0.0013778210	0.0002126694	0	1000	ENSG00000077458
8.graph	7557	21	30	6	15	4	4	4	4	0.0023136139	0.0007445812	0	1000	ENSG00000089157
5.graph	6078	11	15	4	8	3	3	3	3	0.0011670589	0.0001986027	0	1000	ENSG00000110492
99.graph	6608	15	19	4	8	3	3	3	3	0.0013186932	0.0002050400	0	1000	ENSG00000183715
96.graph	4304	21	22	3	4	2	2	2	2	0.0013017654	0.0000953674	0	1000	ENSG00000009950
26.graph	4745	11	13	4	6	2	2	2	2	0.0010042191	0.0001287460	0	1000	ENSG00000147130
37.graph	4424	69	71	4	6	2	2	2	2	0.0030627251	0.0001277924	0	1000	ENSG00000189056
65.graph	8059	35	43	5	13	5	5	5	5	0.0036435127	0.0015418530	0	1000	ENSG00000100629
19.graph	5222	14	14	2	2	2	2	2	2	0.0009646416	0.0000612736	0	1000	ENSG00000104375
23.graph	2301	10	11	3	4	2	2	2	2	0.0008761883	0.0000963211	0	1000	ENSG00000163746
99.graph	4073	9	11	4	6	2	2	2	2	0.0009131432	0.0001242161	0	1000	ENSG00000136240
76.graph	3099	37	48	7	18	5	5	5	5	0.0043511391	0.0020451546	0	1000	ENSG00000112851
87.graph	9222	9	9	2	2	2	2	2	2	0.0007815361	0.0000612736	0	1000	ENSG00000029725
96.graph	10849	12	16	4	8	3	3	3	3	0.0012271404	0.0002069473	0	1000	ENSG00000245680
60.graph	6420	10	13	3	6	3	3	3	3	0.0010919571	0.0001733303	0	1000	ENSG00000109846
5.graph	1336	27	39	9	21	5	5	5	5	0.0062346458	0.0042984486	0	1000	ENSG00000115459
61.graph	5101	16	20	4	8	3	3	3	3	0.0013432503	0.0002129078	0	1000	ENSG00000120885
84.graph	9297	11	13	4	6	2	2	2	2	0.0010087490	0.0001258850	0	1000	ENSG00000171953
51.graph	11563	7	8	3	4	2	2	2	2	0.0008201599	0.0000970364	0	1000	ENSG00000138964
95.graph	2181	24	28	5	9	3	3	3	3	0.0016586781	0.0001983643	0	1000	ENSG00000114423
84.graph	3643	21	27	6	12	3	3	3	3	0.0017542839	0.0003747940	0	1000	ENSG00000204305
44.graph	6236	20	20	2	2	2	2	2	2	0.0012354851	0.0000612736	0	1000	ENSG00000175115
88.graph	7837	10	11	3	4	2	2	2	2	0.0008890629	0.0000951290	0	1000	ENSG00000100439
1.graph	4861	23	27	4	8	3	3	3	3	0.0016334057	0.0002424717	0	1000	ENSG00000077264
59.graph	4798	13	15	4	6	2	2	2	2	0.0010845661	0.0001208782	0	1000	ENSG00000169083
70.graph	9722	10	11	3	4	2	2	2	2	0.0009016991	0.0000956059	0	1000	ENSG00000167434
26.graph	1100	25	27	4	6	2	2	2	2	0.0014965534	0.0001261234	0	1000	ENSG00000115761
64.graph	5240	17	25	6	14	4	4	4	4	0.0021045208	0.0007226467	0	1000	ENSG00000034239
11.graph	7752	7	8	3	4	2	2	2	2	0.0008208752	0.0000953674	0	1000	ENSG00000129538
18.graph	7064	13	14	3	4	2	2	2	2	0.0009984970	0.0000920296	0	1000	ENSG00000170456
88.graph	10552	29	37	6	14	4	4	4	4	0.0023746490	0.0005526543	0	1000	ENSG00000205517
65.graph	1559	21	24	5	8	2	2	2	2	0.0014374256	0.0001590252	0	1000	ENSG00000163328
90.graph	6671	13	15	4	6	2	2	2	2	0.0010864735	0.0001215935	0	1000	ENSG00000122958
30.graph	6830	10	13	3	6	3	3	3	3	0.0010595322	0.0001742840	0	1000	ENSG00000107816
19.graph	7659	13	14	3	4	2	2	2	2	0.0010037422	0.0000953674	0	1000	ENSG00000183098
74.graph	4127	17	23	4	10	4	4	4	4	0.0017964840	0.0005440712	0	1000	ENSG00000136193
66.graph	7424	16	18	4	6	2	2	2	2	0.0012097359	0.0001273155	0	1000	ENSG00000179520
38.graph	11729	12	15	5	8	2	2	2	2	0.0011370182	0.0001580715	0	1000	ENSG00000183527
71.graph	10963	12	14	4	6	2	2	2	2	0.0010466576	0.0001275539	0	1000	ENSG00000105281
96.graph	1751	19	25	5	11	4	4	4	4	0.0021677017	0.0008225441	0	1000	ENSG00000030419
10.graph	5747	8	9	3	4	2	2	2	2	0.0008552074	0.0001006126	0	1000	ENSG00000160360
84.graph	2688	12	14	4	6	2	2	2	2	0.0010275841	0.0001275539	0	1000	ENSG00000134851
85.graph	5603	25	27	4	6	2	2	2	2	0.0015211105	0.0001277924	0	1000	ENSG00000136854
43.graph	6525	10	13	5	8	2	2	2	2	0.0010225773	0.0001559258	0	1000	ENSG00000154096
59.graph	2235	10	11	3	4	2	2	2	2	0.0008778572	0.0000925064	0	1000	ENSG00000176542
56.graph	5104	19	22	5	8	2	2	2	2	0.0013399124	0.0001559258	0	1000	ENSG00000070501
80.graph	1392	14	16	4	6	2	2	2	2	0.0010893345	0.0001242161	0	1000	ENSG00000115593
65.graph	5529	22	26	4	8	3	3	3	3	0.0016474724	0.0002434254	0	1000	ENSG00000165115
87.graph	5601	21	26	4	9	3	3	3	3	0.0015621185	0.0002357960	0	1000	ENSG00000135046
50.graph	4827	19	21	4	6	2	2	2	2	0.0012886524	0.0001327991	0	1000	ENSG00000147231
15.graph	8100	27	34	5	12	4	4	4	4	0.0021300316	0.0004460812	0	1000	ENSG00000042088
73.graph	4867	12	13	3	4	2	2	2	2	0.0009737015	0.0000956059	0	1000	ENSG00000076770
91.graph	5032	13	14	3	4	2	2	2	2	0.0009970665	0.0000958443	0	1000	ENSG00000120913
89.graph	5663	19	20	3	4	2	2	2	2	0.0012295246	0.0000929832	0	1000	ENSG00000119403
47.graph	3499	9	13	4	8	3	3	3	3	0.0010759830	0.0002040863	0	1000	ENSG00000131446
22.graph	4132	16	18	3	5	3	3	3	3	0.0012354851	0.0001740456	0	1000	ENSG00000146592
8.graph	208	13	18	4	9	3	3	3	3	0.0012745857	0.0002398491	0	1000	ENSG00000126709
26.graph	1676	9	10	3	4	2	2	2	2	0.0008347034	0.0001006126	0	1000	ENSG00000118263
49.graph	7400	23	24	3	4	2	2	2	2	0.0013597012	0.0000939369	0	1000	ENSG00000177990
28.graph	4388	8	9	3	4	2	2	2	2	0.0008206367	0.0000941753	0	1000	ENSG00000181016
22.graph	8320	34	39	4	9	4	4	4	4	0.0026152134	0.0007719994	0	1000	ENSG00000214013
5.graph	3764	10	11	3	4	2	2	2	2	0.0008738041	0.0000932217	0	1000	ENSG00000278224
99.graph	6320	16	18	4	6	2	2	2	2	0.0011901855	0.0001215935	0	1000	ENSG00000110721
77.graph	8630	32	55	7	30	9	9	9	9	26.0013151169	25.6115589142	0	1000	ENSG00000122390
52.graph	2949	38	40	4	6	2	2	2	2	0.0019743443	0.0001258850	0	1000	ENSG00000137601
7.graph	7761	45	57	6	18	6	6	6	6	0.0119917393	0.0093386173	0	1000	ENSG00000126217
48.graph	10641	24	33	7	16	4	4	4	4	0.0025286674	0.0008552074	0	1000	ENSG00000072958
61.graph	6632	25	32	5	12	5	5	5	5	0.0048305988	0.0031414032	0	1000	ENSG00000170525
39.graph	5427	38	42	6	10	2	2	2	2	0.0021617413	0.0001893044	0	1000	ENSG00000137145
89.graph	7160	14	17	3	6	3	3	3	3	0.0011844635	0.0001661777	0	1000	ENSG00000110900
65.graph	6628	22	23	3	4	2	2	2	2	0.0013158321	0.0000956059	0	1000	ENSG00000185532
4.graph	7090	6	6	2	2	2	2	2	2	0.0006861687	0.0000658035	0	1000	ENSG00000121335
78.graph	6100	13	16	4	7	3	3	3	3	0.0011997223	0.0001685619	0	1000	ENSG00000175224
90.graph	9783	29	35	5	11	4	4	4	4	0.0021770000	0.0004003048	0	1000	ENSG00000182473
78.graph	7039	19	21	4	6	2	2	2	2	0.0012671947	0.0001230240	0	1000	ENSG00000047621
65.graph	8620	14	15	3	4	2	2	2	2	0.0010461807	0.0001010895	0	1000	ENSG00000140986
46.graph	9329	16	17	3	4	2	2	2	2	0.0011115074	0.0001034737	0	1000	ENSG00000214946
71.graph	1098	8	9	3	4	2	2	2	2	0.0007979870	0.0001010895	0	1000	ENSG00000163026
66.graph	2860	15	22	5	12	4	4	4	4	0.0022609234	0.0010209084	0	1000	ENSG00000145425
52.graph	10716	21	25	6	10	2	2	2	2	0.0015292168	0.0001854897	0	1000	ENSG00000167483
28.graph	1099	19	21	4	6	2	2	2	2	0.0012662411	0.0001270771	0	1000	ENSG00000134318
83.graph	8809	13	13	2	2	2	2	2	2	0.0009443760	0.0000631809	0	1000	ENSG00000077238
90.graph	6554	15	22	3	10	5	5	5	5	0.0036766529	0.0023939610	0	1000	ENSG00000065809
87.graph	10911	11	13	4	6	2	2	2	2	0.0010111332	0.0001218319	0	1000	ENSG00000105755
95.graph	7577	15	21	6	12	3	3	3	3	0.0015189648	0.0003745556	0	1000	ENSG00000182196
75.graph	6237	17	19	4	6	2	2	2	2	0.0012516975	0.0001270771	0	1000	ENSG00000110721
87.graph	4643	16	18	4	6	2	2	2	2	0.0011723042	0.0001213551	0	1000	ENSG00000133627
17.graph	8292	16	18	4	6	2	2	2	2	0.0011715889	0.0001232624	0	1000	ENSG00000166947
34.graph	9687	34	42	6	14	4	4	4	4	0.0026350021	0.0006523132	0	1000	ENSG00000108395
78.graph	1012	11	11	2	2	2	2	2	2	0.0008838177	0.0000612736	0	1000	ENSG00000143772
77.graph	4767	49	51	4	6	3	2	2	3	0.0252482891	0.0002498627	0	1000	ENSG00000197565
48.graph	3832	10	12	4	6	2	2	2	2	0.0009486675	0.0001304150	0	1000	ENSG00000146243
91.graph	1280	13	14	3	4	2	2	2	2	0.0009822845	0.0000946522	0	1000	ENSG00000143995
88.graph	5386	12	14	4	6	2	2	2	2	0.0010294914	0.0001301765	0	1000	ENSG00000161016
41.graph	7997	12	14	4	6	2	2	2	2	0.0010488033	0.0001263618	0	1000	ENSG00000029364
48.graph	8243	10	11	3	4	2	2	2	2	0.0008983612	0.0000965595	0	1000	ENSG00000134138
62.graph	3109	11	14	5	8	2	2	2	2	0.0010433197	0.0001554489	0	1000	ENSG00000164258
3.graph	5063	11	13	4	6	2	2	2	2	0.0009975433	0.0001266003	0	1000	ENSG00000129696
95.graph	3480	19	24	5	10	3	3	3	3	0.0015528202	0.0002665520	0	1000	ENSG00000181355
36.graph	4588	25	31	4	10	4	4	4	4	0.0022017956	0.0006630421	0	1000	ENSG00000106617
71.graph	9502	9	10	3	4	2	2	2	2	0.0008599758	0.0000967979	0	1000	ENSG00000131469
39.graph	1985	22	24	4	6	2	2	2	2	0.0013649464	0.0001313686	0	1000	ENSG00000114857
46.graph	4516	10	11	3	4	2	2	2	2	0.0008835793	0.0001001358	0	1000	ENSG00000204983
12.graph	9035	57	61	4	8	3	3	3	3	0.0028259754	0.0002059937	0	1000	ENSG00000125107
9.graph	10919	45	47	4	6	2	2	2	2	0.0022253990	0.0001304150	0	1000	ENSG00000105429
43.graph	8962	26	40	6	20	6	6	6	6	0.0176763535	0.0154075623	0	1000	ENSG00000172775
49.graph	5290	16	18	4	6	2	2	2	2	0.0012047291	0.0001289845	0	1000	ENSG00000091656
85.graph	8446	14	18	5	9	3	3	3	3	0.0013070107	0.0002000332	0	1000	ENSG00000041357
11.graph	6224	16	24	5	13	4	4	4	4	0.0020298958	0.0007224083	0	1000	ENSG00000167792
73.graph	5547	10	10	2	2	2	2	2	2	0.0008201599	0.0000617504	0	1000	ENSG00000106819
33.graph	10642	12	14	4	6	2	2	2	2	0.0010468960	0.0001289845	0	1000	ENSG00000076662
48.graph	7178	17	22	5	10	3	3	3	3	0.0014693737	0.0002768040	0	1000	ENSG00000181929
55.graph	8779	19	21	4	6	2	2	2	2	0.0012941360	0.0001232624	0	1000	ENSG00000089280
51.graph	6096	10	11	3	4	2	2	2	2	0.0008900166	0.0000967979	0	1000	ENSG00000149124
11.graph	5766	28	31	5	8	2	2	2	2	0.0016913414	0.0001559258	0	1000	ENSG00000187609
2.graph	3255	26	30	4	8	3	3	3	3	0.0016789436	0.0002322197	0	1000	ENSG00000113141
86.graph	11072	38	47	7	16	4	4	4	4	0.0035023689	0.0012898445	0	1000	ENSG00000105486
47.graph	5980	38	39	3	4	2	2	2	2	0.0018732548	0.0000936985	0	1000	ENSG00000011405
41.graph	11663	22	28	6	12	3	3	3	3	0.0017800331	0.0003755093	0	1000	ENSG00000183570
46.graph	1111	24	24	2	2	2	2	2	2	0.0013124943	0.0000605583	0	1000	ENSG00000055917
7.graph	5649	19	20	3	4	2	2	2	2	0.0012362003	0.0000927448	0	1000	ENSG00000136848
45.graph	8623	31	35	5	9	3	3	3	3	0.0019161701	0.0001983643	0	1000	ENSG00000187535
38.graph	2387	31	39	7	15	4	4	4	4	0.0024621487	0.0005400181	0	1000	ENSG00000051382
55.graph	10573	9	10	3	4	2	2	2	2	0.0008885860	0.0000941753	0	1000	ENSG00000006015
13.graph	2508	12	14	4	6	2	2	2	2	0.0010271072	0.0001285076	0	1000	ENSG00000178222
76.graph	8861	9	11	4	6	2	2	2	2	0.0009353161	0.0001292229	0	1000	ENSG00000168434
8.graph	5407	11	14	5	8	2	2	2	2	0.0010719299	0.0001566410	0	1000	ENSG00000196378
12.graph	10292	13	13	2	2	2	2	2	2	0.0009400845	0.0000631809	0	1000	ENSG00000080839
14.graph	5521	15	17	4	6	2	2	2	2	0.0011429787	0.0001266003	0	1000	ENSG00000135018
22.graph	5574	7	9	4	6	2	2	2	2	0.0009000301	0.0001263618	0	1000	ENSG00000157303
86.graph	11747	18	23	5	10	3	3	3	3	0.0015406609	0.0002760887	0	1000	ENSG00000160298
9.graph	5084	9	9	2	2	2	2	2	2	0.0007708073	0.0000622272	0	1000	ENSG00000134013
22.graph	786	10	12	4	6	2	2	2	2	0.0009438992	0.0001270771	0	1000	ENSG00000203747
50.graph	3629	14	16	4	6	2	2	2	2	0.0010952950	0.0001256466	0	1000	ENSG00000204231
82.graph	11537	7	8	3	4	2	2	2	2	0.0008027554	0.0001025200	0	1000	ENSG00000276076
8.graph	2032	7	8	3	4	2	2	2	2	0.0007812977	0.0000953674	0	1000	ENSG00000164051
8.graph	10117	41	42	3	4	2	2	2	2	0.0019824505	0.0000956059	0	1000	ENSG00000101333
4.graph	7888	8	10	4	6	2	2	2	2	0.0009000301	0.0001301765	0	1000	ENSG00000100804
34.graph	10006	19	26	5	12	4	4	4	4	0.0019865036	0.0006017685	0	1000	ENSG00000141469
98.graph	5247	10	12	4	6	2	2	2	2	0.0009455681	0.0001208782	0	1000	ENSG00000132541
87.graph	238	11	13	4	6	2	2	2	2	0.0009741783	0.0001311302	0	1000	ENSG00000084628
38.graph	3448	24	29	4	9	3	3	3	3	0.0017156601	0.0002403259	0	1000	ENSG00000072571
56.graph	8687	13	20	5	12	4	4	4	4	0.0022845268	0.0010983944	0	1000	ENSG00000168101
29.graph	6941	23	26	5	8	2	2	2	2	0.0015161037	0.0001564026	0	1000	ENSG00000148773
9.graph	11335	28	32	6	10	2	2	2	2	0.0018036366	0.0001845360	0	1000	ENSG00000100023
15.graph	4978	16	20	5	9	3	3	3	3	0.0014209747	0.0003116131	0	1000	ENSG00000010404
15.graph	4621	12	13	3	4	2	2	2	2	0.0009827614	0.0000996590	0	1000	ENSG00000105993
76.graph	7387	15	20	5	10	3	3	3	3	0.0014266968	0.0002725124	0	1000	ENSG00000155957
78.graph	11374	11	12	3	4	2	2	2	2	0.0009448528	0.0000929832	0	1000	ENSG00000165246
76.graph	2786	26	34	6	14	4	4	4	4	0.0026235580	0.0009779930	0	1000	ENSG00000163110
67.graph	9642	8	10	4	6	2	2	2	2	0.0009303093	0.0001351833	0	1000	ENSG00000173868
66.graph	5023	13	15	4	6	2	2	2	2	0.0010972023	0.0001337528	0	1000	ENSG00000158806
49.graph	5310	15	17	3	5	3	3	3	3	0.0011754036	0.0001392365	0	1000	ENSG00000176623
38.graph	6520	33	43	4	14	5	5	5	5	0.0046348572	0.0026021004	0	1000	ENSG00000149294
97.graph	9356	20	24	5	9	3	3	3	3	0.0015325546	0.0002002716	0	1000	ENSG00000241322
86.graph	7916	11	12	3	4	2	2	2	2	0.0009763241	0.0000975132	0	1000	ENSG00000100852
60.graph	9616	17	21	4	8	3	3	3	3	0.0013742447	0.0002031326	0	1000	ENSG00000178852
63.graph	5461	51	53	4	6	2	2	2	2	0.0024673939	0.0001273155	0	1000	ENSG00000107099
58.graph	6664	25	26	3	4	2	2	2	2	0.0014314651	0.0000984669	0	1000	ENSG00000156515
99.graph	8661	18	24	6	12	3	3	3	3	0.0016245842	0.0003368855	0	1000	ENSG00000007392
45.graph	9352	9	11	4	6	2	2	2	2	0.0009284019	0.0001244545	0	1000	ENSG00000249459
89.graph	2638	19	23	4	8	3	3	3	3	0.0014693737	0.0002412796	0	1000	ENSG00000002549
75.graph	11372	13	14	3	4	2	2	2	2	0.0010192394	0.0000960827	0	1000	ENSG00000183963
53.graph	10194	27	29	4	6	2	2	2	2	0.0016083717	0.0001285076	0	1000	ENSG00000080839
5.graph	4132	15	15	2	2	2	2	2	2	0.0010273457	0.0000603199	0	1000	ENSG00000136261
88.graph	8451	18	18	2	2	2	2	2	2	0.0011193752	0.0000619888	0	1000	ENSG00000187720
42.graph	2287	16	19	3	6	3	3	3	3	0.0012784004	0.0001778603	0	1000	ENSG00000114019
94.graph	10331	14	16	4	6	2	2	2	2	0.0011193752	0.0001263618	0	1000	ENSG00000099866
1.graph	4764	15	19	4	8	3	3	3	3	0.0013234615	0.0002379417	0	1000	ENSG00000169083
8.graph	4955	9	10	3	4	2	2	2	2	0.0008988380	0.0000963211	0	1000	ENSG00000029993
38.graph	4726	12	14	4	6	2	2	2	2	0.0010459423	0.0001273155	0	1000	ENSG00000182220
34.graph	3410	39	43	4	8	3	3	3	3	0.0022130013	0.0002427101	0	1000	ENSG00000074276
94.graph	3390	8	9	3	4	2	2	2	2	0.0008144379	0.0000953674	0	1000	ENSG00000145920
15.graph	2878	13	17	4	8	3	3	3	3	0.0012445450	0.0002052784	0	1000	ENSG00000164162
35.graph	5992	16	17	3	4	2	2	2	2	0.0011312962	0.0000932217	0	1000	ENSG00000197702
82.graph	10163	17	18	3	4	2	2	2	2	0.0011632442	0.0000951290	0	1000	ENSG00000244005
98.graph	8769	23	26	4	7	3	3	3	3	0.0015969276	0.0002367496	0	1000	ENSG00000188603
25.graph	5997	26	27	3	4	2	2	2	2	0.0014500618	0.0000948906	0	1000	ENSG00000110693
40.graph	1574	15	17	4	6	2	2	2	2	0.0011546612	0.0001273155	0	1000	ENSG00000115806
2.graph	4064	27	34	5	12	4	4	4	4	0.0024037361	0.0007228851	0	1000	ENSG00000106346
100.graph	8020	13	15	4	6	2	2	2	2	0.0010797977	0.0001266003	0	1000	ENSG00000139921
64.graph	11521	10	12	4	6	2	2	2	2	0.0009779930	0.0001299381	0	1000	ENSG00000128335
9.graph	2001	12	14	4	6	2	2	2	2	0.0010094643	0.0001277924	0	1000	ENSG00000163788
73.graph	5625	26	27	3	4	2	2	2	2	0.0014772415	0.0000951290	0	1000	ENSG00000148219
19.graph	6783	8	9	3	4	2	2	2	2	0.0008225441	0.0000960827	0	1000	ENSG00000196072
13.graph	5164	13	16	4	7	3	3	3	3	0.0011858940	0.0001738071	0	1000	ENSG00000177182
99.graph	5802	7	8	3	4	2	2	2	2	0.0007843971	0.0000944138	0	1000	ENSG00000238227
44.graph	11694	38	40	4	6	2	2	2	2	0.0019371510	0.0001294613	0	1000	ENSG00000185658
6.graph	3518	37	37	2	2	2	2	2	2	0.0017714500	0.0000624657	0	1000	ENSG00000079691
20.graph	5471	14	18	4	8	3	3	3	3	0.0012865067	0.0002086163	0	1000	ENSG00000107262
49.graph	5872	20	24	5	9	3	3	3	3	0.0015294552	0.0002024174	0	1000	ENSG00000177239
46.graph	4390	23	32	6	15	5	5	5	5	0.0033805370	0.0016522408	0	1000	ENSG00000105856
86.graph	10805	11	14	5	8	2	2	2	2	0.0011208057	0.0001685619	0	1000	ENSG00000197841
61.graph	2840	25	26	3	4	2	2	2	2	0.0014314651	0.0000965595	0	1000	ENSG00000138735
4.graph	10697	18	20	4	6	2	2	2	2	0.0012564659	0.0001268387	0	1000	ENSG00000186115
24.graph	3723	17	28	5	16	6	6	6	6	0.0116026402	0.0098941326	0	1000	ENSG00000112576
90.graph	1812	12	14	3	5	3	3	3	3	0.0010900497	0.0001728535	0	1000	ENSG00000123485
71.graph	8991	17	22	5	10	3	3	3	3	0.0014908314	0.0002670288	0	1000	ENSG00000182149
10.graph	5699	24	35	6	17	6	6	6	6	0.0126006603	0.0107297897	0	1000	ENSG00000119383
22.graph	10934	22	31	7	16	4	4	4	4	0.0025272369	0.0008308887	0	1000	ENSG00000142025
26.graph	6821	15	18	4	7	3	3	3	3	0.0012860298	0.0002140999	0	1000	ENSG00000166169
90.graph	883	19	20	3	4	2	2	2	2	0.0011844635	0.0000958443	0	1000	ENSG00000116679
65.graph	3987	8	10	4	6	2	2	2	2	0.0008826256	0.0001306534	0	1000	ENSG00000112038
47.graph	592	24	26	4	6	2	2	2	2	0.0014593601	0.0001280308	0	1000	ENSG00000009307
73.graph	4514	10	14	4	8	3	3	3	3	0.0011374950	0.0002050400	0	1000	ENSG00000283013
99.graph	8864	23	27	5	9	3	3	3	3	0.0016436577	0.0001978874	0	1000	ENSG00000166501
70.graph	5199	20	23	3	6	3	3	3	3	0.0014109612	0.0001699924	0	1000	ENSG00000205268
22.graph	5622	10	12	4	6	2	2	2	2	0.0009629726	0.0001270771	0	1000	ENSG00000119328
24.graph	1189	64	69	6	11	3	3	3	3	0.0032141209	0.0002295971	0	1000	ENSG00000163803
7.graph	10396	10	11	3	4	2	2	2	2	0.0009181499	0.0000932217	0	1000	ENSG00000130005
1.graph	10176	10	11	3	4	2	2	2	2	0.0008926392	0.0000956059	0	1000	ENSG00000131059
31.graph	3479	11	16	4	9	4	4	4	4	0.0017812252	0.0007698536	0	1000	ENSG00000131446
36.graph	3254	13	18	5	10	3	3	3	3	0.0013549328	0.0002775192	0	1000	ENSG00000120709
26.graph	6630	7	7	2	2	2	2	2	2	0.0007190704	0.0000610352	0	1000	ENSG00000256574
61.graph	4582	9	11	3	5	4	3	4	4	0.1634082794	0.0004448891	0	1000	ENSG00000130675
65.graph	5090	15	17	4	6	2	2	2	2	0.0011634827	0.0001270771	0	1000	ENSG00000147421
78.graph	8909	22	30	6	14	4	4	4	4	0.0025022030	0.0009815693	0	1000	ENSG00000213658
3.graph	5453	9	11	4	6	2	2	2	2	0.0009181499	0.0001292229	0	1000	ENSG00000137094
71.graph	5686	19	21	4	6	2	2	2	2	0.0013272762	0.0001282692	0	1000	ENSG00000095321
35.graph	3524	20	30	7	17	5	5	5	5	0.0058405399	0.0041506290	0	1000	ENSG00000204628
85.graph	5901	22	28	4	10	4	4	4	4	0.0020430088	0.0005714893	0	1000	ENSG00000007372
39.graph	11381	8	9	3	4	2	2	2	2	0.0008728504	0.0000979900	0	1000	ENSG00000205853
37.graph	4257	23	25	4	6	3	2	3	3	0.0242290497	0.0002467632	0	1000	ENSG00000158321
59.graph	8819	14	17	3	6	3	3	3	3	0.0011992455	0.0001668930	0	1000	ENSG00000183426
82.graph	4275	9	10	3	4	2	2	2	2	0.0008463860	0.0000958443	0	1000	ENSG00000105854
11.graph	3956	11	12	3	4	2	2	2	2	0.0009720325	0.0000989437	0	1000	ENSG00000112031
89.graph	535	11	13	4	6	2	2	2	2	0.0009992123	0.0001285076	0	1000	ENSG00000116459
30.graph	6499	13	15	4	6	2	2	2	2	0.0010576248	0.0001332760	0	1000	ENSG00000154114
41.graph	10607	25	35	5	15	5	5	5	5	0.0036149025	0.0018508434	0	1000	ENSG00000095059
9.graph	10378	14	17	4	7	3	3	3	3	0.0012354851	0.0001716614	0	1000	ENSG00000064687
63.graph	8499	12	14	4	6	2	2	2	2	0.0010669231	0.0001287460	0	1000	ENSG00000103671
21.graph	10729	11	12	3	4	2	2	2	2	0.0009422302	0.0000936985	0	1000	ENSG00000213096
30.graph	11554	9	10	3	4	2	2	2	2	0.0008640289	0.0000972748	0	1000	ENSG00000100207
4.graph	2139	15	17	4	6	2	2	2	2	0.0011303425	0.0001268387	0	1000	ENSG00000189283
61.graph	1487	51	53	3	5	3	3	3	3	0.0024807453	0.0001709461	0	1000	ENSG00000169994
29.graph	3733	19	27	4	12	5	5	5	5	0.0041615963	0.0027225018	0	1000	ENSG00000112561
76.graph	9445	16	18	4	6	2	2	2	2	0.0012059212	0.0001261234	0	1000	ENSG00000109113
26.graph	6958	11	16	5	10	3	3	3	3	0.0012555122	0.0002353191	0	1000	ENSG00000111639
99.graph	9010	19	27	5	13	4	4	4	4	0.0024294853	0.0009973049	0	1000	ENSG00000140854
72.graph	3486	17	19	4	6	2	2	2	2	0.0012028217	0.0001242161	0	1000	ENSG00000170085
3.graph	2571	10	10	2	2	2	2	2	2	0.0008478165	0.0000622272	0	1000	ENSG00000125089
52.graph	9059	10	11	3	4	2	2	2	2	0.0009288788	0.0000970364	0	1000	ENSG00000103064
50.graph	11166	19	21	4	6	2	2	2	2	0.0013322830	0.0001299381	0	1000	ENSG00000186818
2.graph	5046	21	36	8	23	5	5	5	5	0.0062179565	0.0043654442	0	1000	ENSG00000186523
26.graph	6792	22	31	6	15	4	4	4	4	0.0023467541	0.0007543564	0	1000	ENSG00000171307
88.graph	5575	19	21	4	6	2	2	2	2	0.0012781620	0.0001258850	0	1000	ENSG00000081377
76.graph	745	13	16	3	6	3	3	3	3	0.0011606216	0.0001702309	0	1000	ENSG00000163565
74.graph	5955	14	15	3	4	2	2	2	2	0.0010271072	0.0000922680	0	1000	ENSG00000133808
84.graph	1507	5	5	2	2	2	2	2	2	0.0006389618	0.0000627041	0	1000	ENSG00000178171
43.graph	4008	11	16	6	11	3	3	3	3	0.0012710094	0.0002348423	0	1000	ENSG00000112038
99.graph	6963	35	47	7	19	5	5	5	5	0.0054500103	0.0032243729	0	1000	ENSG00000138162
65.graph	3358	15	21	6	12	3	3	3	3	0.0015158653	0.0003886223	0	1000	ENSG00000211445
78.graph	6626	25	29	5	9	3	3	3	3	0.0016865730	0.0001928806	0	1000	ENSG00000107929
6.graph	1596	21	28	8	15	5	3	4	5	2.1166281700	0.0029780865	0	1000	ENSG00000115966
72.graph	4535	20	23	5	8	2	2	2	2	0.0013954639	0.0001630783	0	1000	ENSG00000122786
30.graph	10470	26	32	6	12	3	3	3	3	0.0019505024	0.0003414154	0	1000	ENSG00000130377
5.graph	3845	48	67	10	29	7	6	6	7	7.2757341862	0.4441208839	0	1000	ENSG00000079841
93.graph	5820	23	30	5	12	4	4	4	4	0.0022628307	0.0007057190	0	1000	ENSG00000166333
59.graph	11744	30	35	5	10	3	3	3	3	0.0019361973	0.0002315044	0	1000	ENSG00000160285
41.graph	5541	12	13	3	4	2	2	2	2	0.0009675026	0.0000948906	0	1000	ENSG00000188647
87.graph	1922	17	25	5	13	4	4	4	4	0.0019383430	0.0005996227	0	1000	ENSG00000144560
50.graph	4728	26	36	6	16	5	5	5	5	0.0043218136	0.0024788380	0	1000	ENSG00000131089
7.graph	9489	13	16	5	8	2	2	2	2	0.0011789799	0.0001540184	0	1000	ENSG00000161405
85.graph	5066	22	24	3	5	3	3	3	3	0.0014648438	0.0001742840	0	1000	ENSG00000083168
89.graph	4410	18	22	4	8	3	3	3	3	0.0015032291	0.0002357960	0	1000	ENSG00000071243
65.graph	2657	14	16	4	6	2	2	2	2	0.0010969639	0.0001268387	0	1000	ENSG00000109255
31.graph	7143	24	32	5	13	4	4	4	4	0.0025215149	0.0009031296	0	1000	ENSG00000118307
99.graph	5885	11	12	3	4	2	2	2	2	0.0009229183	0.0000956059	0	1000	ENSG00000214026
75.graph	8534	29	34	5	10	3	3	3	3	0.0019097328	0.0002720356	0	1000	ENSG00000140521
99.graph	4006	23	24	3	4	2	2	2	2	0.0013532639	0.0000917912	0	1000	ENSG00000164674
57.graph	6909	19	26	9	16	2	2	2	2	0.0017342567	0.0002770424	0	1000	ENSG00000148798
55.graph	10716	17	24	6	13	3	3	3	3	0.0016331673	0.0003294945	0	1000	ENSG00000189144
92.graph	10228	6	7	3	4	2	2	2	2	0.0007753372	0.0000967979	0	1000	ENSG00000124196
75.graph	4264	57	59	4	6	2	2	2	2	0.0027027130	0.0001282692	0	1000	ENSG00000164692
58.graph	1144	16	18	4	6	2	2	2	2	0.0011794567	0.0001263618	0	1000	ENSG00000084693
67.graph	2575	29	47	9	27	8	8	8	8	2.2899324894	2.2460670471	0	1000	ENSG00000163138
49.graph	7631	23	26	3	6	3	3	3	3	0.0015480518	0.0001714230	0	1000	ENSG00000175727
12.graph	8824	20	21	3	4	2	2	2	2	0.0012586117	0.0000979900	0	1000	ENSG00000186260
75.graph	2596	10	11	3	4	2	2	2	2	0.0008921623	0.0000946522	0	1000	ENSG00000188848
82.graph	750	19	24	5	10	3	3	3	3	0.0015218258	0.0002727509	0	1000	ENSG00000181036
75.graph	3077	30	33	5	8	2	2	2	2	0.0017685890	0.0001626015	0	1000	ENSG00000157107
12.graph	4299	28	31	4	7	3	3	3	3	0.0017549992	0.0002419949	0	1000	ENSG00000187391
21.graph	29	13	17	4	8	3	3	3	3	0.0012407303	0.0002408028	0	1000	ENSG00000157916
54.graph	8904	18	21	5	8	2	2	2	2	0.0013380051	0.0001578331	0	1000	ENSG00000213658
78.graph	8007	7	9	4	6	2	2	2	2	0.0008609295	0.0001237392	0	1000	ENSG00000180008
79.graph	8965	26	30	4	8	3	3	3	3	0.0017502308	0.0002388954	0	1000	ENSG00000159593
79.graph	5959	12	13	3	4	2	2	2	2	0.0009572506	0.0000922680	0	1000	ENSG00000149084
37.graph	4108	10	12	4	6	2	2	2	2	0.0009789467	0.0001285076	0	1000	ENSG00000105866
57.graph	9603	21	26	5	10	3	3	3	3	0.0016655922	0.0002779961	0	1000	ENSG00000131467
45.graph	10611	8	10	4	6	2	2	2	2	0.0009272099	0.0001301765	0	1000	ENSG00000187556
86.graph	8388	14	23	5	14	4	4	4	4	0.0019364357	0.0006422997	0	1000	ENSG00000128989
26.graph	1960	11	13	4	6	2	2	2	2	0.0009765625	0.0001266003	0	1000	ENSG00000144659
71.graph	6212	21	26	5	10	3	3	3	3	0.0016462803	0.0002706051	0	1000	ENSG00000172830
11.graph	3172	15	17	4	6	2	2	2	2	0.0011410713	0.0001266003	0	1000	ENSG00000145743
25.graph	10540	11	12	3	4	2	2	2	2	0.0009434223	0.0000958443	0	1000	ENSG00000104883
55.graph	8304	8	9	3	4	2	2	2	2	0.0008180141	0.0000917912	0	1000	ENSG00000174446
73.graph	3924	15	19	5	9	3	3	3	3	0.0013816357	0.0002379417	0	1000	ENSG00000118507
18.graph	8222	17	18	2	3	3	3	3	3	0.0011811256	0.0000991821	0	1000	ENSG00000168781
12.graph	6146	9	9	2	2	2	2	2	2	0.0007824898	0.0000617504	0	1000	ENSG00000071203
36.graph	6268	12	13	3	4	2	2	2	2	0.0009617805	0.0000972748	0	1000	ENSG00000173227
42.graph	8764	33	35	3	5	3	3	3	3	0.0018398762	0.0001366138	0	1000	ENSG00000175267
66.graph	9751	8	9	3	4	2	2	2	2	0.0008354187	0.0000953674	0	1000	ENSG00000108950
88.graph	102	9	11	4	6	2	2	2	2	0.0009152889	0.0001273155	0	1000	ENSG00000116685
75.graph	2466	15	19	4	8	3	3	3	3	0.0013425350	0.0002031326	0	1000	ENSG00000161267
22.graph	3793	17	18	3	4	2	2	2	2	0.0011446476	0.0000958443	0	1000	ENSG00000146143
89.graph	8154	10	11	3	4	2	2	2	2	0.0009043217	0.0000932217	0	1000	ENSG00000185559
90.graph	7293	29	34	5	10	3	3	3	3	0.0018866062	0.0002291203	0	1000	ENSG00000166986
45.graph	5128	14	18	4	8	3	3	3	3	0.0013818741	0.0002064705	0	1000	ENSG00000147535
83.graph	2149	19	29	6	16	5	5	5	5	0.0042047501	0.0025629997	0	1000	ENSG00000080822
60.graph	10101	13	17	4	8	3	3	3	3	0.0013639927	0.0002098083	0	1000	ENSG00000132635
10.graph	7374	7	9	4	6	2	2	2	2	0.0008583069	0.0001289845	0	1000	ENSG00000136052
27.graph	6056	8	9	3	4	2	2	2	2	0.0008106232	0.0001008511	0	1000	ENSG00000156587
3.graph	3741	16	19	3	6	3	3	3	3	0.0012686253	0.0001695156	0	1000	ENSG00000112305
34.graph	4629	12	13	3	4	2	2	2	2	0.0009624958	0.0000936985	0	1000	ENSG00000101955
98.graph	8095	10	13	5	8	2	2	2	2	0.0010261536	0.0001523495	0	1000	ENSG00000100721
38.graph	4264	23	28	4	9	4	4	4	4	0.0022490025	0.0007698536	0	1000	ENSG00000106070
39.graph	7538	14	21	5	12	4	4	4	4	0.0019516945	0.0007255077	0	1000	ENSG00000150991
36.graph	1938	9	11	4	6	2	2	2	2	0.0009071827	0.0001320839	0	1000	ENSG00000144566
91.graph	4035	22	27	5	10	3	3	3	3	0.0016496181	0.0002748966	0	1000	ENSG00000003147
40.graph	6566	25	27	4	6	2	2	2	2	0.0014996529	0.0001261234	0	1000	ENSG00000108021
1.graph	1044	19	23	6	10	2	2	2	2	0.0014350414	0.0001838207	0	1000	ENSG00000119283
16.graph	2240	10	12	4	6	2	2	2	2	0.0009441376	0.0001285076	0	1000	ENSG00000114013
20.graph	3579	13	17	4	8	3	3	3	3	0.0012502670	0.0002398491	0	1000	ENSG00000112812
41.graph	1156	21	23	4	6	2	2	2	2	0.0013527870	0.0001318455	0	1000	ENSG00000021574
47.graph	11194	12	14	4	6	2	2	2	2	0.0010480881	0.0001249313	0	1000	ENSG00000239998
47.graph	3213	13	18	5	10	3	3	3	3	0.0013384819	0.0003032684	0	1000	ENSG00000134986
50.graph	11607	9	11	3	5	3	3	3	3	0.0010080338	0.0001852512	0	1000	ENSG00000159200
89.graph	5210	10	11	3	4	2	2	2	2	0.0008907318	0.0000941753	0	1000	ENSG00000137558
94.graph	11038	35	41	8	14	2	2	2	2	0.0022027493	0.0002365112	0	1000	ENSG00000196961
88.graph	9625	15	15	2	2	2	2	2	2	0.0010135174	0.0000624657	0	1000	ENSG00000141279
20.graph	10736	9	10	3	4	2	2	2	2	0.0008695126	0.0000965595	0	1000	ENSG00000105700
