42.graph	2872	20	24	4	8	3	3	3	3	0.0015070438	0.0002119541	0	1000	ENSDARG00000006385
14.graph	11112	13	14	3	4	2	2	2	2	0.0010037422	0.0000965595	0	1000	ENSDARG00000102234
59.graph	8674	17	19	4	6	2	2	2	2	0.0012640953	0.0001268387	0	1000	ENSDARG00000052045
85.graph	14681	9	10	3	4	2	2	2	2	0.0009036064	0.0000965595	0	1000	ENSDARG00000033175
79.graph	15214	18	24	8	14	2	2	2	2	0.0016307831	0.0002400875	0	1000	ENSDARG00000020000
21.graph	14397	19	19	2	2	2	2	2	2	0.0011680126	0.0000669956	0	1000	ENSDARG00000100089
96.graph	1971	20	23	4	7	3	3	3	3	0.0014417171	0.0002052784	0	1000	ENSDARG00000101777
57.graph	6169	63	64	3	4	2	2	2	2	0.0028069019	0.0000960827	0	1000	ENSDARG00000104119
1.graph	11948	17	19	4	6	2	2	2	2	0.0012292862	0.0001254082	0	1000	ENSDARG00000000729
64.graph	7106	22	24	4	6	2	2	2	2	0.0014033318	0.0001285076	0	1000	ENSDARG00000031757
25.graph	6384	10	13	3	6	3	3	3	3	0.0010526180	0.0001695156	0	1000	ENSDARG00000069853
40.graph	7070	47	48	3	4	2	2	2	2	0.0022530556	0.0000958443	0	1000	ENSDARG00000016573
51.graph	14503	15	19	4	8	3	3	3	3	0.0013785362	0.0002462864	0	1000	ENSDARG00000044899
90.graph	8125	10	10	2	2	2	2	2	2	0.0008234978	0.0000612736	0	1000	ENSDARG00000093364
52.graph	4667	10	10	2	2	2	2	2	2	0.0008127689	0.0000634193	0	1000	ENSDARG00000069033
61.graph	11387	6	7	3	4	2	2	2	2	0.0007631779	0.0000972748	0	1000	ENSDARG00000088290
62.graph	13343	8	9	3	4	2	2	2	2	0.0008425713	0.0000972748	0	1000	ENSDARG00000074719
27.graph	15118	13	16	5	8	2	2	2	2	0.0012276173	0.0001630783	0	1000	ENSDARG00000041602
6.graph	11856	20	22	4	6	2	2	2	2	0.0013346672	0.0001337528	0	1000	ENSDARG00000070960
30.graph	5428	9	11	3	5	3	3	3	3	0.0010044575	0.0001356602	0	1000	ENSDARG00000099729
5.graph	2436	7	8	2	3	3	3	3	3	0.0008184910	0.0001010895	0	1000	ENSDARG00000092354
81.graph	10977	12	15	5	8	2	2	2	2	0.0011200905	0.0001626015	0	1000	ENSDARG00000068303
16.graph	11449	17	21	4	8	3	3	3	3	0.0013997555	0.0002140999	0	1000	ENSDARG00000099974
3.graph	4636	15	17	4	6	2	2	2	2	0.0011465549	0.0001275539	0	1000	ENSDARG00000016074
98.graph	10871	7	8	3	4	2	2	2	2	0.0007953644	0.0000958443	0	1000	ENSDARG00000030871
6.graph	10742	26	30	6	10	2	2	2	2	0.0016894341	0.0001914501	0	1000	ENSDARG00000068947
62.graph	12605	12	13	3	4	2	2	2	2	0.0009868145	0.0001013279	0	1000	ENSDARG00000090686
72.graph	12699	36	37	3	4	2	2	2	2	0.0018742085	0.0000970364	0	1000	ENSDARG00000061579
26.graph	1429	26	26	2	2	2	2	2	2	0.0014255047	0.0000681877	0	1000	ENSDARG00000098874
43.graph	324	10	12	4	6	2	2	2	2	0.0009465218	0.0001258850	0	1000	ENSDARG00000045549
14.graph	13618	8	9	3	4	2	2	2	2	0.0008287430	0.0000967979	0	1000	ENSDARG00000091092
78.graph	6245	59	64	7	12	2	2	2	2	0.0030622482	0.0002148151	0	1000	ENSDARG00000019815
7.graph	385	23	29	5	11	3	3	3	3	0.0017454624	0.0003125668	0	1000	ENSDARG00000075215
37.graph	1491	4	4	2	2	2	2	2	2	0.0005824566	0.0000617504	0	1000	ENSDARG00000054222
95.graph	8821	14	16	4	6	2	2	2	2	0.0011112690	0.0001266003	0	1000	ENSDARG00000020982
10.graph	9612	9	10	3	4	2	2	2	2	0.0008630753	0.0000958443	0	1000	ENSDARG00000099694
65.graph	1787	12	15	5	8	2	2	2	2	0.0010931492	0.0001568794	0	1000	ENSDARG00000010250
56.graph	759	7	8	3	4	2	2	2	2	0.0007638931	0.0000956059	0	1000	ENSDARG00000094572
81.graph	724	7	8	3	4	2	2	2	2	0.0007541180	0.0001001358	0	1000	ENSDARG00000104745
72.graph	4079	29	29	2	2	2	2	2	2	0.0015344620	0.0000612736	0	1000	ENSDARG00000009677
8.graph	13375	28	31	5	8	2	2	2	2	0.0016856194	0.0001564026	0	1000	ENSDARG00000055999
30.graph	790	7	8	3	4	2	2	2	2	0.0007772446	0.0000970364	0	1000	ENSDARG00000102673
81.graph	9514	20	23	4	7	3	3	3	3	0.0015027523	0.0002512932	0	1000	ENSDARG00000003693
15.graph	7425	13	14	3	4	2	2	2	2	0.0009946823	0.0000956059	0	1000	ENSDARG00000067912
50.graph	8495	7	8	3	4	2	2	2	2	0.0007762909	0.0000982285	0	1000	ENSDARG00000037598
10.graph	12199	15	20	5	10	3	3	3	3	0.0014443398	0.0003044605	0	1000	ENSDARG00000035676
21.graph	13581	13	14	3	4	2	2	2	2	0.0010204315	0.0000970364	0	1000	ENSDARG00000079283
8.graph	2039	12	13	3	4	2	2	2	2	0.0009920597	0.0000965595	0	1000	ENSDARG00000028346
38.graph	10726	31	37	6	12	4	4	4	4	0.0022964478	0.0003950596	0	1000	ENSDARG00000069654
96.graph	11997	12	13	3	4	2	2	2	2	0.0009810925	0.0000958443	0	1000	ENSDARG00000098845
71.graph	9789	15	18	5	8	2	2	2	2	0.0012290478	0.0001609325	0	1000	ENSDARG00000097938
81.graph	15138	11	14	3	6	3	3	3	3	0.0011501312	0.0001730919	0	1000	ENSDARG00000094077
49.graph	12627	17	19	4	6	2	2	2	2	0.0012366772	0.0001289845	0	1000	ENSDARG00000079931
69.graph	14470	24	25	3	4	2	2	2	2	0.0014185905	0.0000970364	0	1000	ENSDARG00000044915
74.graph	4120	20	23	4	7	3	3	3	3	0.0014650822	0.0002408028	0	1000	ENSDARG00000032206
58.graph	8101	18	19	3	4	2	2	2	2	0.0012056828	0.0000956059	0	1000	ENSDARG00000100209
74.graph	9509	8	10	4	6	2	2	2	2	0.0008919239	0.0001316071	0	1000	ENSDARG00000075735
99.graph	8990	18	20	4	6	2	2	2	2	0.0012807846	0.0001335144	0	1000	ENSDARG00000075766
70.graph	15112	26	27	3	4	2	2	2	2	0.0015101433	0.0000967979	0	1000	ENSDARG00000042308
6.graph	5051	16	18	4	6	2	2	2	2	0.0011711121	0.0001258850	0	1000	ENSDARG00000038668
24.graph	11163	9	10	3	4	2	2	2	2	0.0008819103	0.0000963211	0	1000	ENSDARG00000012005
38.graph	2321	9	10	3	4	2	2	2	2	0.0008454323	0.0000958443	0	1000	ENSDARG00000014148
67.graph	13201	7	8	3	4	2	2	2	2	0.0007936954	0.0000979900	0	1000	ENSDARG00000096382
59.graph	3304	8	9	3	4	2	2	2	2	0.0008165836	0.0000958443	0	1000	ENSDARG00000014646
98.graph	244	26	36	8	18	5	4	5	5	0.3916692734	0.0031683445	0	1000	ENSDARG00000069780
80.graph	2632	10	11	3	4	2	2	2	2	0.0009515285	0.0001072884	0	1000	ENSDARG00000098786
59.graph	1130	16	17	3	4	2	2	2	2	0.0010855198	0.0000948906	0	1000	ENSDARG00000095133
18.graph	15366	9	10	3	4	2	2	2	2	0.0008714199	0.0000963211	0	1000	ENSDARG00000056979
54.graph	12836	7	7	2	2	2	2	2	2	0.0007398129	0.0000634193	0	1000	ENSDARG00000075697
11.graph	14457	10	11	3	4	2	2	2	2	0.0009114742	0.0000967979	0	1000	ENSDARG00000058683
12.graph	7550	8	9	3	4	2	2	2	2	0.0008180141	0.0000963211	0	1000	ENSDARG00000089556
18.graph	3928	6	7	3	4	2	2	2	2	0.0007586479	0.0000965595	0	1000	ENSDARG00000041359
93.graph	7379	12	15	4	7	3	3	3	3	0.0011601448	0.0001692772	0	1000	ENSDARG00000040123
36.graph	2061	12	13	3	4	2	2	2	2	0.0009462833	0.0000963211	0	1000	ENSDARG00000093201
58.graph	2255	27	28	3	4	2	2	2	2	0.0015089512	0.0000953674	0	1000	ENSDARG00000035514
58.graph	460	7	8	3	4	2	2	2	2	0.0007586479	0.0000963211	0	1000	ENSDARG00000090366
76.graph	14425	15	18	4	7	3	3	3	3	0.0013344288	0.0002479553	0	1000	ENSDARG00000044942
62.graph	6211	10	11	3	4	2	2	2	2	0.0008873940	0.0000946522	0	1000	ENSDARG00000078193
52.graph	12329	27	30	5	8	2	2	2	2	0.0016651154	0.0001573563	0	1000	ENSDARG00000060768
44.graph	8609	14	16	4	6	2	2	2	2	0.0011193752	0.0001280308	0	1000	ENSDARG00000009470
63.graph	10977	21	23	4	6	2	2	2	2	0.0013813972	0.0001275539	0	1000	ENSDARG00000062138
42.graph	14870	11	14	3	6	3	3	3	3	0.0011208057	0.0001721382	0	1000	ENSDARG00000077078
81.graph	8602	10	11	3	4	2	2	2	2	0.0008928776	0.0000960827	0	1000	ENSDARG00000091883
67.graph	7898	18	25	5	12	4	4	4	4	0.0020225048	0.0006833076	0	1000	ENSDARG00000042548
22.graph	7917	11	12	3	4	2	2	2	2	0.0009481907	0.0000948906	0	1000	ENSDARG00000016605
46.graph	5142	45	57	14	26	2	2	2	2	0.0033478737	0.0004703999	0	1000	ENSDARG00000075886
76.graph	5409	4	4	2	2	2	2	2	2	0.0005898476	0.0000629425	0	1000	ENSDARG00000077198
38.graph	9638	13	15	4	6	2	2	2	2	0.0010745525	0.0001282692	0	1000	ENSDARG00000037506
26.graph	13468	10	11	3	4	2	2	2	2	0.0009119511	0.0000972748	0	1000	ENSDARG00000090202
35.graph	2501	13	14	3	4	2	2	2	2	0.0010063648	0.0000958443	0	1000	ENSDARG00000035257
55.graph	12006	23	24	3	4	2	2	2	2	0.0013992786	0.0000984669	0	1000	ENSDARG00000099283
64.graph	6707	14	14	2	2	2	2	2	2	0.0009801388	0.0000674725	0	1000	ENSDARG00000051912
42.graph	11810	27	28	3	4	2	2	2	2	0.0015358925	0.0001010895	0	1000	ENSDARG00000041243
15.graph	10374	8	10	4	6	2	2	2	2	0.0008971691	0.0001285076	0	1000	ENSDARG00000078790
93.graph	4742	16	18	4	6	2	2	2	2	0.0011672974	0.0001277924	0	1000	ENSDARG00000039022
91.graph	7323	8	9	3	4	2	2	2	2	0.0008251667	0.0000956059	0	1000	ENSDARG00000029615
44.graph	12869	5	5	2	2	2	2	2	2	0.0006849766	0.0000636578	0	1000	ENSDARG00000094788
17.graph	9511	9	11	4	6	2	2	2	2	0.0009405613	0.0001382828	0	1000	ENSDARG00000016280
19.graph	14085	18	21	3	6	3	3	3	3	0.0013785362	0.0001735687	0	1000	ENSDARG00000099705
41.graph	10028	28	30	4	6	2	2	2	2	0.0016124249	0.0001270771	0	1000	ENSDARG00000003449
26.graph	1381	9	11	4	6	2	2	2	2	0.0009136200	0.0001266003	0	1000	ENSDARG00000055080
56.graph	14481	11	13	4	6	2	2	2	2	0.0010707378	0.0001308918	0	1000	ENSDARG00000088009
18.graph	13901	8	9	3	4	2	2	2	2	0.0008378029	0.0000972748	0	1000	ENSDARG00000043729
11.graph	92	16	25	5	14	5	5	5	5	0.0047934055	0.0028645992	0	1000	ENSDARG00000045843
39.graph	9318	11	12	3	4	2	2	2	2	0.0009443760	0.0000987053	0	1000	ENSDARG00000088263
32.graph	3165	18	19	3	4	2	2	2	2	0.0011713505	0.0000946522	0	1000	ENSDARG00000017049
28.graph	3574	18	25	5	12	4	4	4	4	0.0021536350	0.0008194447	0	1000	ENSDARG00000104587
76.graph	3126	21	23	4	6	2	2	2	2	0.0013551712	0.0001261234	0	1000	ENSDARG00000061478
70.graph	11629	17	18	3	4	2	2	2	2	0.0011587143	0.0000958443	0	1000	ENSDARG00000096687
63.graph	7923	23	29	5	11	4	4	4	4	0.0022463799	0.0007474422	0	1000	ENSDARG00000032049
100.graph	9970	25	35	6	16	5	5	5	5	0.0046572685	0.0028762817	0	1000	ENSDARG00000019236
93.graph	7087	8	9	3	4	2	2	2	2	0.0008161068	0.0000941753	0	1000	ENSDARG00000092170
69.graph	1032	13	15	4	6	2	2	2	2	0.0010640621	0.0001299381	0	1000	ENSDARG00000100669
94.graph	2475	28	29	3	4	2	2	2	2	0.0015168190	0.0000965595	0	1000	ENSDARG00000078911
7.graph	7699	12	14	4	6	2	2	2	2	0.0010323524	0.0001287460	0	1000	ENSDARG00000043257
40.graph	12242	13	15	4	6	2	2	2	2	0.0011358261	0.0001311302	0	1000	ENSDARG00000009402
62.graph	5273	8	11	3	6	3	3	3	3	0.0009803772	0.0001792908	0	1000	ENSDARG00000086960
29.graph	12541	24	24	2	2	2	2	2	2	0.0013566017	0.0000627041	0	1000	ENSDARG00000098057
57.graph	7966	19	26	5	12	5	5	5	5	0.0046548843	0.0032024384	0	1000	ENSDARG00000059233
55.graph	5031	23	23	2	2	2	2	2	2	0.0012950897	0.0000619888	0	1000	ENSDARG00000086990
47.graph	9833	12	13	3	4	2	2	2	2	0.0010356903	0.0001018047	0	1000	ENSDARG00000076526
32.graph	877	11	16	5	10	4	4	4	4	0.0014524460	0.0003974438	0	1000	ENSDARG00000103723
90.graph	2702	35	36	3	4	2	2	2	2	0.0017948151	0.0001020432	0	1000	ENSDARG00000102458
4.graph	186	46	56	12	22	2	2	2	2	0.0030863285	0.0004186630	0	1000	ENSDARG00000063299
76.graph	15351	10	11	3	4	2	2	2	2	0.0009112358	0.0000977516	0	1000	ENSDARG00000055505
75.graph	2986	10	11	3	4	2	2	2	2	0.0008869171	0.0000953674	0	1000	ENSDARG00000088390
34.graph	402	7	7	2	2	2	2	2	2	0.0006949902	0.0000615120	0	1000	ENSDARG00000076054
17.graph	14709	7	8	3	4	2	2	2	2	0.0008072853	0.0000951290	0	1000	ENSDARG00000054560
98.graph	14921	10	11	3	4	2	2	2	2	0.0009155273	0.0000963211	0	1000	ENSDARG00000100544
95.graph	2501	30	36	5	11	3	3	3	3	0.0020039082	0.0002713203	0	1000	ENSDARG00000013250
16.graph	3318	11	12	3	4	2	2	2	2	0.0009207726	0.0000953674	0	1000	ENSDARG00000025608
73.graph	1800	14	15	3	4	2	2	2	2	0.0010311604	0.0000965595	0	1000	ENSDARG00000068256
31.graph	1105	8	10	4	6	2	2	2	2	0.0008735657	0.0001287460	0	1000	ENSDARG00000105145
73.graph	15421	27	36	6	15	4	4	4	4	0.0030355453	0.0012350082	0	1000	ENSDARG00000100442
90.graph	14203	4	4	2	2	2	2	2	2	0.0006172657	0.0000631809	0	1000	ENSDARG00000094649
94.graph	6772	12	12	2	2	2	2	2	2	0.0009033680	0.0000631809	0	1000	ENSDARG00000003197
72.graph	1898	18	20	4	6	2	2	2	2	0.0012269020	0.0001275539	0	1000	ENSDARG00000018105
75.graph	3897	8	10	4	6	2	2	2	2	0.0009202957	0.0001285076	0	1000	ENSDARG00000026084
97.graph	2751	10	11	3	4	2	2	2	2	0.0008804798	0.0001013279	0	1000	ENSDARG00000042527
59.graph	14519	12	14	4	6	2	2	2	2	0.0010592937	0.0001280308	0	1000	ENSDARG00000087346
66.graph	6184	27	32	3	8	4	4	4	4	0.0021088123	0.0004985332	0	1000	ENSDARG00000078935
90.graph	5730	22	27	4	9	4	4	4	4	0.0020952225	0.0006737709	0	1000	ENSDARG00000069619
52.graph	5283	10	11	3	4	2	2	2	2	0.0008840561	0.0000956059	0	1000	ENSDARG00000061774
45.graph	15429	10	11	3	4	2	2	2	2	0.0009169579	0.0000970364	0	1000	ENSDARG00000034705
75.graph	14355	14	15	3	4	2	2	2	2	0.0010614395	0.0000960827	0	1000	ENSDARG00000077526
16.graph	4667	10	12	4	6	2	2	2	2	0.0009486675	0.0001301765	0	1000	ENSDARG00000033971
25.graph	12697	10	11	3	4	2	2	2	2	0.0009276867	0.0000965595	0	1000	ENSDARG00000020107
77.graph	9505	12	13	3	4	2	2	2	2	0.0009715557	0.0000979900	0	1000	ENSDARG00000100890
60.graph	7838	59	71	9	21	5	5	5	5	0.0050249100	0.0017883778	0	1000	ENSDARG00000054723
95.graph	14332	14	18	4	8	3	3	3	3	0.0012965202	0.0002050400	0	1000	ENSDARG00000090820
78.graph	3681	12	16	2	6	6	6	6	6	0.0089673996	0.0077583790	0	1000	ENSDARG00000069796
81.graph	11502	46	47	3	4	2	2	2	2	0.0022037029	0.0001010895	0	1000	ENSDARG00000087657
78.graph	4812	18	21	4	7	3	3	3	3	0.0014071465	0.0002439022	0	1000	ENSDARG00000020929
33.graph	6424	5	5	2	2	2	2	2	2	0.0006394386	0.0000638962	0	1000	ENSDARG00000069451
6.graph	1692	27	32	5	10	3	3	3	3	0.0018022060	0.0002353191	0	1000	ENSDARG00000059770
8.graph	10726	20	21	3	4	2	2	2	2	0.0012588501	0.0000956059	0	1000	ENSDARG00000028943
62.graph	9565	21	22	3	4	2	2	2	2	0.0013036728	0.0000953674	0	1000	ENSDARG00000037393
37.graph	10404	8	10	4	6	2	2	2	2	0.0008981228	0.0001299381	0	1000	ENSDARG00000076903
78.graph	731	15	16	3	4	2	2	2	2	0.0010440350	0.0000929832	0	1000	ENSDARG00000102215
46.graph	8791	30	31	3	4	2	2	2	2	0.0016109943	0.0000965595	0	1000	ENSDARG00000105214
9.graph	10325	14	15	3	4	2	2	2	2	0.0010366440	0.0000970364	0	1000	ENSDARG00000069681
52.graph	12140	21	26	5	10	3	3	3	3	0.0016691685	0.0002365112	0	1000	ENSDARG00000008832
59.graph	13932	13	14	3	4	2	2	2	2	0.0010213852	0.0000972748	0	1000	ENSDARG00000057672
3.graph	9164	19	21	4	6	2	2	2	2	0.0012876987	0.0001330376	0	1000	ENSDARG00000102525
53.graph	12455	20	23	5	8	2	2	2	2	0.0014064312	0.0001628399	0	1000	ENSDARG00000098441
12.graph	15442	16	21	6	11	3	3	3	3	0.0015628338	0.0003714561	0	1000	ENSDARG00000002002
12.graph	4758	22	25	3	6	3	3	3	3	0.0014851093	0.0001699924	0	1000	ENSDARG00000013221
81.graph	10466	14	18	5	9	3	3	3	3	0.0013880730	0.0003154278	0	1000	ENSDARG00000039062
16.graph	1056	8	9	3	4	2	2	2	2	0.0008013248	0.0000944138	0	1000	ENSDARG00000078520
44.graph	7020	17	23	6	12	3	3	3	3	0.0015451908	0.0003082752	0	1000	ENSDARG00000097057
47.graph	11707	19	21	3	5	3	3	3	3	0.0014224052	0.0001740456	0	1000	ENSDARG00000104403
98.graph	7752	19	20	3	4	2	2	2	2	0.0012185574	0.0000946522	0	1000	ENSDARG00000055412
78.graph	3365	15	17	4	6	2	2	2	2	0.0011715889	0.0001282692	0	1000	ENSDARG00000013839
26.graph	1742	32	32	2	2	2	2	2	2	0.0016100407	0.0000622272	0	1000	ENSDARG00000076143
30.graph	12033	12	15	3	6	3	3	3	3	0.0011465549	0.0001857281	0	1000	ENSDARG00000039997
3.graph	12212	19	22	4	7	3	3	3	3	0.0014605522	0.0002446175	0	1000	ENSDARG00000032876
6.graph	3606	8	10	3	5	3	3	3	3	0.0009398460	0.0001740456	0	1000	ENSDARG00000089963
93.graph	6328	11	12	3	4	2	2	2	2	0.0009245872	0.0001018047	0	1000	ENSDARG00000070011
18.graph	9757	11	13	4	6	2	2	2	2	0.0009999275	0.0001304150	0	1000	ENSDARG00000104037
14.graph	14747	20	21	3	4	2	2	2	2	0.0012743473	0.0000970364	0	1000	ENSDARG00000099902
43.graph	5964	9	11	4	6	2	2	2	2	0.0009467602	0.0001330376	0	1000	ENSDARG00000007289
40.graph	10135	11	13	4	6	2	2	2	2	0.0010387897	0.0001301765	0	1000	ENSDARG00000039411
53.graph	170	53	55	4	6	2	2	2	2	0.0025427341	0.0001282692	0	1000	ENSDARG00000018820
74.graph	6246	26	27	3	4	2	2	2	2	0.0014908314	0.0000979900	0	1000	ENSDARG00000104105
52.graph	11964	7	7	2	2	2	2	2	2	0.0007293224	0.0000641346	0	1000	ENSDARG00000101160
12.graph	83	19	20	3	4	2	2	2	2	0.0011911392	0.0000944138	0	1000	ENSDARG00000039340
69.graph	6871	32	35	5	8	2	2	2	2	0.0018153191	0.0001602173	0	1000	ENSDARG00000074307
18.graph	9992	21	25	5	9	3	3	3	3	0.0016200542	0.0002751350	0	1000	ENSDARG00000090788
1.graph	4743	17	19	4	6	2	2	2	2	0.0011937618	0.0001256466	0	1000	ENSDARG00000031709
53.graph	8763	84	90	8	14	2	2	2	2	0.0040946007	0.0002393723	0	1000	ENSDARG00000039225
100.graph	3043	10	12	4	6	2	2	2	2	0.0009434223	0.0001282692	0	1000	ENSDARG00000098578
85.graph	4275	8	10	4	6	2	2	2	2	0.0008780956	0.0001273155	0	1000	ENSDARG00000070486
80.graph	10425	11	12	3	4	2	2	2	2	0.0009899139	0.0000970364	0	1000	ENSDARG00000019845
72.graph	11172	9	10	3	4	2	2	2	2	0.0008635521	0.0000972748	0	1000	ENSDARG00000076966
44.graph	11581	7	8	3	4	2	2	2	2	0.0007905960	0.0000972748	0	1000	ENSDARG00000099898
44.graph	11745	10	13	5	8	2	2	2	2	0.0010378361	0.0001587868	0	1000	ENSDARG00000063613
48.graph	14056	6	7	3	4	2	2	2	2	0.0007674694	0.0000967979	0	1000	ENSDARG00000068704
47.graph	10161	7	8	3	4	2	2	2	2	0.0007922649	0.0000946522	0	1000	ENSDARG00000104084
29.graph	7099	16	18	4	6	2	2	2	2	0.0011878014	0.0001306534	0	1000	ENSDARG00000059983
59.graph	3007	26	29	5	8	2	2	2	2	0.0016102791	0.0001549721	0	1000	ENSDARG00000079616
94.graph	12713	16	18	3	5	3	3	3	3	0.0012257099	0.0001356602	0	1000	ENSDARG00000030913
39.graph	3645	11	12	3	4	2	2	2	2	0.0009682178	0.0000953674	0	1000	ENSDARG00000097809
49.graph	14077	8	10	4	6	2	2	2	2	0.0008988380	0.0001280308	0	1000	ENSDARG00000043287
9.graph	13053	12	13	3	4	2	2	2	2	0.0009911060	0.0000948906	0	1000	ENSDARG00000092231
52.graph	7403	40	43	5	8	2	2	2	2	0.0021264553	0.0001556873	0	1000	ENSDARG00000025335
49.graph	5148	31	40	7	16	4	4	4	4	0.0029156208	0.0009765625	0	1000	ENSDARG00000017311
44.graph	5160	16	17	3	4	2	2	2	2	0.0011000633	0.0000960827	0	1000	ENSDARG00000097253
28.graph	5066	10	11	3	4	2	2	2	2	0.0009136200	0.0000998974	0	1000	ENSDARG00000038646
69.graph	4063	34	41	6	13	3	3	3	3	0.0022611618	0.0003750324	0	1000	ENSDARG00000009677
82.graph	360	23	31	5	13	6	5	5	5	0.0060603619	0.0044043064	0	1000	ENSDARG00000002131
58.graph	9960	23	27	5	9	3	3	3	3	0.0016894341	0.0003106594	0	1000	ENSDARG00000076939
55.graph	14217	5	6	3	4	2	2	2	2	0.0007598400	0.0000960827	0	1000	ENSDARG00000092371
45.graph	3875	18	19	3	4	2	2	2	2	0.0011551380	0.0000958443	0	1000	ENSDARG00000006639
36.graph	13505	24	27	5	8	2	2	2	2	0.0015530586	0.0001623631	0	1000	ENSDARG00000022378
57.graph	11656	24	25	3	4	2	2	2	2	0.0014445782	0.0000970364	0	1000	ENSDARG00000052779
39.graph	8749	9	11	4	6	2	2	2	2	0.0009274483	0.0001268387	0	1000	ENSDARG00000007323
68.graph	10829	26	28	4	6	2	2	2	2	0.0015377998	0.0001370907	0	1000	ENSDARG00000002787
6.graph	13747	8	9	3	4	2	2	2	2	0.0008327961	0.0001027584	0	1000	ENSDARG00000043729
96.graph	5433	22	24	4	6	2	2	2	2	0.0014040470	0.0001242161	0	1000	ENSDARG00000070448
3.graph	11765	18	20	4	6	2	2	2	2	0.0012469292	0.0001289845	0	1000	ENSDARG00000036924
92.graph	13114	16	17	3	4	2	2	2	2	0.0011146069	0.0000963211	0	1000	ENSDARG00000052923
34.graph	2881	47	53	7	13	4	3	4	4	0.0981059074	0.0009610653	0	1000	ENSDARG00000076771
83.graph	4375	49	52	5	8	2	2	2	2	0.0024678707	0.0001993179	0	1000	ENSDARG00000100119
96.graph	7144	12	13	3	4	2	2	2	2	0.0009567738	0.0000970364	0	1000	ENSDARG00000019585
98.graph	2695	20	21	3	4	2	2	2	2	0.0012443066	0.0000953674	0	1000	ENSDARG00000045951
31.graph	9995	21	23	4	6	2	2	2	2	0.0013871193	0.0001313686	0	1000	ENSDARG00000076939
12.graph	3762	11	12	3	4	2	2	2	2	0.0009531975	0.0000951290	0	1000	ENSDARG00000012823
94.graph	1620	20	34	5	19	7	7	7	7	0.1712031364	0.1664979458	0	1000	ENSDARG00000036144
58.graph	3229	16	17	3	4	2	2	2	2	0.0010933876	0.0000946522	0	1000	ENSDARG00000077863
57.graph	8276	15	15	2	2	2	2	2	2	0.0010063648	0.0000629425	0	1000	ENSDARG00000078567
94.graph	9933	13	13	2	2	2	2	2	2	0.0009336472	0.0000615120	0	1000	ENSDARG00000006865
71.graph	7600	16	21	4	9	4	3	4	4	0.1342084408	0.0010471344	0	1000	ENSDARG00000043299
1.graph	15614	17	20	4	7	3	3	3	3	0.0013778210	0.0002481937	0	1000	ENSDARG00000053918
56.graph	9522	48	58	10	20	3	3	3	3	0.0030937195	0.0006670952	0	1000	ENSDARG00000101385
48.graph	3617	19	22	4	7	3	3	3	3	0.0014553070	0.0001716614	0	1000	ENSDARG00000031119
16.graph	10555	15	17	4	6	2	2	2	2	0.0011632442	0.0001335144	0	1000	ENSDARG00000046133
35.graph	9369	71	98	16	43	6	6	6	6	0.0145871639	0.0092079639	0	1000	ENSDARG00000077712
36.graph	13263	22	24	4	6	2	2	2	2	0.0014157295	0.0001344681	0	1000	ENSDARG00000044694
12.graph	9836	14	15	3	4	2	2	2	2	0.0010309219	0.0000963211	0	1000	ENSDARG00000105188
20.graph	10090	8	9	3	4	2	2	2	2	0.0008196831	0.0000951290	0	1000	ENSDARG00000091900
77.graph	5108	24	30	5	11	3	3	3	3	0.0017957687	0.0003206730	0	1000	ENSDARG00000056998
44.graph	15426	9	10	3	4	2	2	2	2	0.0008866787	0.0000963211	0	1000	ENSDARG00000077466
22.graph	11233	38	41	5	8	2	2	2	2	0.0021030903	0.0001566410	0	1000	ENSDARG00000087921
11.graph	3151	36	40	4	8	3	3	3	3	0.0020811558	0.0002086163	0	1000	ENSDARG00000020574
42.graph	6340	19	20	3	4	2	2	2	2	0.0012137890	0.0000946522	0	1000	ENSDARG00000005576
85.graph	7393	8	8	2	2	2	2	2	2	0.0007479191	0.0000612736	0	1000	ENSDARG00000041295
87.graph	5048	15	16	3	4	2	2	2	2	0.0011682510	0.0000956059	0	1000	ENSDARG00000038669
47.graph	1970	11	12	3	4	2	2	2	2	0.0009102821	0.0000946522	0	1000	ENSDARG00000104815
77.graph	3136	19	28	6	15	4	4	4	4	0.0021429062	0.0006659031	0	1000	ENSDARG00000026875
34.graph	2269	22	25	5	8	2	2	2	2	0.0014624596	0.0001568794	0	1000	ENSDARG00000035505
30.graph	9394	40	45	7	12	2	2	2	2	0.0023224354	0.0002119541	0	1000	ENSDARG00000101385
44.graph	12295	8	9	3	4	2	2	2	2	0.0008585453	0.0000987053	0	1000	ENSDARG00000102995
83.graph	4839	34	36	4	6	2	2	2	2	0.0018255711	0.0001277924	0	1000	ENSDARG00000029463
65.graph	2198	7	8	3	4	2	2	2	2	0.0008130074	0.0000951290	0	1000	ENSDARG00000035553
100.graph	7566	9	10	3	4	2	2	2	2	0.0008926392	0.0000967979	0	1000	ENSDARG00000079107
85.graph	10588	13	15	4	6	2	2	2	2	0.0010769367	0.0001330376	0	1000	ENSDARG00000102772
20.graph	9631	14	15	3	4	2	2	2	2	0.0010633469	0.0001013279	0	1000	ENSDARG00000075058
64.graph	23	14	18	4	8	3	3	3	3	0.0012531281	0.0002071857	0	1000	ENSDARG00000102878
86.graph	4513	14	17	4	7	3	3	3	3	0.0012507439	0.0002493858	0	1000	ENSDARG00000063129
29.graph	11264	16	17	3	4	2	2	2	2	0.0011487007	0.0000967979	0	1000	ENSDARG00000088877
85.graph	8302	14	16	4	6	2	2	2	2	0.0011258125	0.0001475811	0	1000	ENSDARG00000045639
3.graph	12576	13	18	5	10	3	3	3	3	0.0013420582	0.0002696514	0	1000	ENSDARG00000033171
49.graph	2194	33	35	4	6	2	2	2	2	0.0017867088	0.0001294613	0	1000	ENSDARG00000062221
9.graph	4454	6	6	2	2	2	2	2	2	0.0006761551	0.0000622272	0	1000	ENSDARG00000074146
22.graph	13054	22	33	6	17	5	5	5	5	0.0047273636	0.0030746460	0	1000	ENSDARG00000071487
98.graph	8931	148	151	5	8	2	2	2	2	0.0060353279	0.0001571178	0	1000	ENSDARG00000063068
60.graph	6867	27	32	5	10	3	3	3	3	0.0018851757	0.0002770424	0	1000	ENSDARG00000090447
50.graph	11823	9	9	2	2	2	2	2	2	0.0008339882	0.0000638962	0	1000	ENSDARG00000058678
72.graph	7346	10	12	4	6	2	2	2	2	0.0009624958	0.0001275539	0	1000	ENSDARG00000019717
53.graph	14298	33	35	4	6	2	2	2	2	0.0018706322	0.0001299381	0	1000	ENSDARG00000016448
6.graph	6169	22	23	3	4	2	2	2	2	0.0013325214	0.0000963211	0	1000	ENSDARG00000063646
17.graph	3454	12	12	2	2	2	2	2	2	0.0009105206	0.0000629425	0	1000	ENSDARG00000006849
54.graph	9612	16	21	5	10	3	3	3	3	0.0014674664	0.0002717972	0	1000	ENSDARG00000074071
2.graph	14422	12	15	3	6	3	3	3	3	0.0011770725	0.0001716614	0	1000	ENSDARG00000104047
83.graph	1040	21	27	6	12	3	3	3	3	0.0017070770	0.0003395081	0	1000	ENSDARG00000090778
12.graph	6657	8	9	3	4	2	2	2	2	0.0008165836	0.0000965595	0	1000	ENSDARG00000078475
17.graph	1403	15	17	4	6	2	2	2	2	0.0011141300	0.0001256466	0	1000	ENSDARG00000013317
18.graph	5568	15	17	4	6	2	2	2	2	0.0011293888	0.0001292229	0	1000	ENSDARG00000070266
53.graph	10704	11	11	2	2	2	2	2	2	0.0008647442	0.0000610352	0	1000	ENSDARG00000062893
88.graph	10702	21	23	4	6	2	2	2	2	0.0013713837	0.0001285076	0	1000	ENSDARG00000092522
29.graph	2552	13	14	3	4	3	2	3	3	0.0272662640	0.0001761913	0	1000	ENSDARG00000101759
1.graph	1675	7	8	3	4	2	2	2	2	0.0008404255	0.0001006126	0	1000	ENSDARG00000009466
50.graph	5442	9	11	3	5	3	3	3	3	0.0009591579	0.0001358986	0	1000	ENSDARG00000018997
25.graph	767	7	8	3	4	2	2	2	2	0.0007688999	0.0000958443	0	1000	ENSDARG00000103138
39.graph	13806	45	49	6	10	2	2	2	2	0.0024302006	0.0001842976	0	1000	ENSDARG00000103787
45.graph	5975	13	15	4	6	2	2	2	2	0.0010604858	0.0001268387	0	1000	ENSDARG00000018190
32.graph	9568	22	24	4	6	2	2	2	2	0.0014064312	0.0001285076	0	1000	ENSDARG00000037655
71.graph	7794	10	12	4	6	2	2	2	2	0.0009639263	0.0001282692	0	1000	ENSDARG00000023228
27.graph	6027	15	16	3	4	2	2	2	2	0.0010633469	0.0000951290	0	1000	ENSDARG00000089894
2.graph	6929	29	32	5	8	2	2	2	2	0.0017352104	0.0001573563	0	1000	ENSDARG00000099021
84.graph	868	12	13	3	4	2	2	2	2	0.0009481907	0.0000951290	0	1000	ENSDARG00000100556
4.graph	2886	9	10	3	4	2	2	2	2	0.0008533001	0.0000951290	0	1000	ENSDARG00000102741
71.graph	9598	11	13	4	6	2	2	2	2	0.0009968281	0.0001268387	0	1000	ENSDARG00000104037
63.graph	8609	11	13	4	6	2	2	2	2	0.0010049343	0.0001294613	0	1000	ENSDARG00000042428
28.graph	474	16	19	4	7	3	3	3	3	0.0012981892	0.0002086163	0	1000	ENSDARG00000105063
98.graph	633	18	22	6	10	2	2	2	2	0.0014157295	0.0001823902	0	1000	ENSDARG00000098928
85.graph	4171	20	21	3	4	2	2	2	2	0.0012326241	0.0000967979	0	1000	ENSDARG00000020301
42.graph	6397	14	15	3	4	2	2	2	2	0.0010402203	0.0001001358	0	1000	ENSDARG00000006848
53.graph	3315	22	27	5	10	3	3	3	3	0.0016291142	0.0002439022	0	1000	ENSDARG00000059919
76.graph	5877	9	11	4	6	2	2	2	2	0.0009162426	0.0001289845	0	1000	ENSDARG00000086184
39.graph	7794	14	17	4	7	3	3	3	3	0.0012433529	0.0002064705	0	1000	ENSDARG00000027734
12.graph	6605	10	13	3	6	3	3	3	3	0.0010547638	0.0001773834	0	1000	ENSDARG00000014333
86.graph	9804	8	10	4	6	2	2	2	2	0.0008933544	0.0001337528	0	1000	ENSDARG00000036171
45.graph	6636	28	30	4	6	2	2	2	2	0.0015974045	0.0001275539	0	1000	ENSDARG00000032010
85.graph	12802	18	20	4	6	2	2	2	2	0.0012996197	0.0001394749	0	1000	ENSDARG00000030020
40.graph	8207	18	24	4	10	4	4	4	4	0.0022807121	0.0009424686	0	1000	ENSDARG00000045639
79.graph	10099	13	15	3	5	3	3	3	3	0.0011436939	0.0001735687	0	1000	ENSDARG00000008372
84.graph	2139	16	18	4	6	2	2	2	2	0.0011677742	0.0001337528	0	1000	ENSDARG00000061784
47.graph	7299	17	21	6	10	2	2	2	2	0.0014140606	0.0001842976	0	1000	ENSDARG00000062621
37.graph	2364	49	52	5	8	2	2	2	2	0.0024194717	0.0001573563	0	1000	ENSDARG00000035330
10.graph	12765	11	12	3	4	2	2	2	2	0.0009472370	0.0000963211	0	1000	ENSDARG00000030025
96.graph	6438	13	13	2	2	2	2	2	2	0.0010073185	0.0000622272	0	1000	ENSDARG00000025375
83.graph	7491	30	33	4	7	3	3	3	3	0.0017869473	0.0001780987	0	1000	ENSDARG00000062693
7.graph	13994	8	9	3	4	2	2	2	2	0.0008282661	0.0001008511	0	1000	ENSDARG00000063614
78.graph	9604	7	7	2	2	2	2	2	2	0.0007295609	0.0000634193	0	1000	ENSDARG00000037423
24.graph	8207	18	22	4	8	3	3	3	3	0.0014171600	0.0002129078	0	1000	ENSDARG00000013843
46.graph	4620	10	11	3	4	2	2	2	2	0.0008711815	0.0000963211	0	1000	ENSDARG00000092949
73.graph	4512	24	33	9	18	4	3	4	4	0.1591362953	0.0016510487	0	1000	ENSDARG00000103589
13.graph	15352	12	12	2	2	2	2	2	2	0.0009126663	0.0000636578	0	1000	ENSDARG00000071325
9.graph	10431	30	32	4	6	2	2	2	2	0.0016865730	0.0001275539	0	1000	ENSDARG00000104835
22.graph	8896	6	7	3	4	2	2	2	2	0.0007548332	0.0000956059	0	1000	ENSDARG00000058692
39.graph	6033	11	13	4	6	2	2	2	2	0.0009844303	0.0001261234	0	1000	ENSDARG00000096534
44.graph	3384	17	20	5	8	2	2	2	2	0.0012912750	0.0001614094	0	1000	ENSDARG00000015538
79.graph	199	24	26	4	6	2	2	2	2	0.0014631748	0.0001273155	0	1000	ENSDARG00000017661
91.graph	6122	22	27	4	9	4	3	4	4	0.1415357590	0.0010457039	0	1000	ENSDARG00000104949
60.graph	11939	16	18	3	5	3	3	3	3	0.0012562275	0.0001752377	0	1000	ENSDARG00000004280
43.graph	14505	12	13	3	4	2	2	2	2	0.0010054111	0.0000965595	0	1000	ENSDARG00000100002
18.graph	8850	10	11	3	4	2	2	2	2	0.0008878708	0.0000953674	0	1000	ENSDARG00000068123
88.graph	11227	32	33	3	4	2	2	2	2	0.0017225742	0.0000958443	0	1000	ENSDARG00000063435
73.graph	1348	9	10	3	4	2	2	2	2	0.0008466244	0.0000941753	0	1000	ENSDARG00000036445
86.graph	5566	16	17	3	4	2	2	2	2	0.0011191368	0.0000941753	0	1000	ENSDARG00000005210
2.graph	12679	14	14	2	2	2	2	2	2	0.0009689331	0.0000631809	0	1000	ENSDARG00000076962
92.graph	6179	16	19	3	6	3	3	3	3	0.0012681484	0.0001728535	0	1000	ENSDARG00000058644
33.graph	4073	7	9	4	6	2	2	2	2	0.0008394718	0.0001273155	0	1000	ENSDARG00000070792
96.graph	2386	20	21	3	4	2	2	2	2	0.0012300014	0.0000989437	0	1000	ENSDARG00000094018
47.graph	4218	16	21	4	9	3	3	3	3	0.0014057159	0.0002412796	0	1000	ENSDARG00000003307
39.graph	9084	6	7	3	4	2	2	2	2	0.0007500648	0.0001020432	0	1000	ENSDARG00000056057
46.graph	4142	15	16	3	4	2	2	2	2	0.0010690689	0.0000989437	0	1000	ENSDARG00000061091
99.graph	12576	19	20	3	4	2	2	2	2	0.0012242794	0.0000965595	0	1000	ENSDARG00000099524
78.graph	13709	12	14	4	6	2	2	2	2	0.0010540485	0.0001299381	0	1000	ENSDARG00000044255
69.graph	3417	13	16	3	6	3	3	3	3	0.0011641979	0.0001714230	0	1000	ENSDARG00000014763
85.graph	494	14	15	3	4	2	2	2	2	0.0010139942	0.0000951290	0	1000	ENSDARG00000099585
76.graph	202	15	20	4	9	3	3	3	3	0.0013525486	0.0002381802	0	1000	ENSDARG00000041665
49.graph	13572	19	20	3	4	2	2	2	2	0.0012335777	0.0000972748	0	1000	ENSDARG00000089101
15.graph	744	17	24	5	12	4	4	4	4	0.0019121170	0.0005941391	0	1000	ENSDARG00000101392
34.graph	14866	24	27	5	8	2	2	2	2	0.0015807152	0.0001637936	0	1000	ENSDARG00000104491
15.graph	9773	17	19	4	6	2	2	2	2	0.0012078285	0.0001268387	0	1000	ENSDARG00000034757
92.graph	7459	13	15	4	6	2	2	2	2	0.0010869503	0.0001287460	0	1000	ENSDARG00000021509
79.graph	15371	20	26	6	12	3	3	3	3	0.0017085075	0.0002725124	0	1000	ENSDARG00000104205
100.graph	10030	21	23	4	6	2	2	2	2	0.0013766289	0.0001294613	0	1000	ENSDARG00000038870
8.graph	5471	9	10	3	4	2	2	2	2	0.0008485317	0.0000936985	0	1000	ENSDARG00000017905
60.graph	3562	44	49	7	12	2	2	2	2	0.0024819374	0.0002114773	0	1000	ENSDARG00000030756
99.graph	7348	10	11	3	4	2	2	2	2	0.0008852482	0.0000958443	0	1000	ENSDARG00000034670
11.graph	11994	13	15	4	6	2	2	2	2	0.0010793209	0.0001351833	0	1000	ENSDARG00000062664
98.graph	11783	10	12	4	6	2	2	2	2	0.0009756088	0.0001285076	0	1000	ENSDARG00000024416
54.graph	531	14	17	5	8	2	2	2	2	0.0012559891	0.0001540184	0	1000	ENSDARG00000093846
47.graph	7897	17	19	4	6	2	2	2	2	0.0013036728	0.0001280308	0	1000	ENSDARG00000069296
24.graph	8134	9	11	4	6	2	2	2	2	0.0009362698	0.0001294613	0	1000	ENSDARG00000041239
38.graph	14654	10	12	4	6	2	2	2	2	0.0009746552	0.0001335144	0	1000	ENSDARG00000026098
73.graph	6728	26	27	3	4	2	2	2	2	0.0014901161	0.0001006126	0	1000	ENSDARG00000060303
39.graph	122	25	29	4	8	3	3	3	3	0.0017104149	0.0002408028	0	1000	ENSDARG00000005453
65.graph	5301	50	51	3	4	3	2	3	3	0.0261864662	0.0001833439	0	1000	ENSDARG00000006526
18.graph	13480	23	26	4	7	3	3	3	3	0.0016181469	0.0002429485	0	1000	ENSDARG00000025567
38.graph	5067	31	32	3	4	2	2	2	2	0.0016298294	0.0000953674	0	1000	ENSDARG00000091628
63.graph	3475	18	20	4	6	2	2	2	2	0.0012760162	0.0001316071	0	1000	ENSDARG00000006642
46.graph	12470	9	11	4	6	2	2	2	2	0.0009460449	0.0001296997	0	1000	ENSDARG00000092507
21.graph	1004	28	36	8	16	3	3	3	3	0.0020940304	0.0003583431	0	1000	ENSDARG00000099327
23.graph	471	10	12	4	6	2	2	2	2	0.0009696484	0.0001266003	0	1000	ENSDARG00000090355
72.graph	13903	18	20	4	6	2	2	2	2	0.0012726784	0.0001256466	0	1000	ENSDARG00000057105
29.graph	1219	15	16	3	4	2	2	2	2	0.0010612011	0.0000941753	0	1000	ENSDARG00000078541
23.graph	14272	20	21	3	4	2	2	2	2	0.0012807846	0.0001010895	0	1000	ENSDARG00000060725
52.graph	12037	11	14	3	6	3	3	3	3	0.0011103153	0.0001730919	0	1000	ENSDARG00000105009
25.graph	10843	16	17	3	4	2	2	2	2	0.0011279583	0.0001025200	0	1000	ENSDARG00000062821
17.graph	7802	18	18	2	2	2	2	2	2	0.0011084080	0.0000674725	0	1000	ENSDARG00000042138
40.graph	3475	12	14	4	6	2	2	2	2	0.0010161400	0.0001282692	0	1000	ENSDARG00000052649
82.graph	10345	30	32	4	6	2	2	2	2	0.0017311573	0.0001368523	0	1000	ENSDARG00000104835
1.graph	2628	9	11	4	6	2	2	2	2	0.0009205341	0.0001263618	0	1000	ENSDARG00000101300
64.graph	8760	7	8	3	4	2	2	2	2	0.0007984638	0.0000953674	0	1000	ENSDARG00000037995
7.graph	1973	24	25	3	4	2	2	2	2	0.0013871193	0.0000946522	0	1000	ENSDARG00000086896
97.graph	1905	23	30	4	11	6	4	5	6	18.7377641201	0.0365064144	0	1000	ENSDARG00000099045
76.graph	14740	26	29	3	6	3	3	3	3	0.0016686916	0.0001811981	0	1000	ENSDARG00000007824
15.graph	841	12	13	3	4	2	2	2	2	0.0009503365	0.0000987053	0	1000	ENSDARG00000100556
63.graph	438	15	17	4	6	2	2	2	2	0.0011124611	0.0001273155	0	1000	ENSDARG00000104412
27.graph	8449	16	18	4	6	2	2	2	2	0.0011837482	0.0001263618	0	1000	ENSDARG00000068870
59.graph	6826	20	25	5	10	3	3	3	3	0.0015833378	0.0003063679	0	1000	ENSDARG00000015681
59.graph	3015	11	12	3	4	2	2	2	2	0.0009236336	0.0000948906	0	1000	ENSDARG00000093569
54.graph	5559	17	19	4	6	2	2	2	2	0.0012156963	0.0001261234	0	1000	ENSDARG00000009685
70.graph	556	16	18	4	6	2	2	2	2	0.0011467934	0.0001268387	0	1000	ENSDARG00000088836
77.graph	7095	9	10	3	4	2	2	2	2	0.0008525848	0.0000965595	0	1000	ENSDARG00000040249
27.graph	13618	31	36	4	9	3	3	3	3	0.0019729137	0.0002393723	0	1000	ENSDARG00000099458
74.graph	8495	12	14	4	6	2	2	2	2	0.0010282993	0.0001270771	0	1000	ENSDARG00000078571
67.graph	5585	27	29	4	6	2	2	2	2	0.0016036034	0.0001277924	0	1000	ENSDARG00000037286
85.graph	9233	9	10	3	4	2	2	2	2	0.0008668900	0.0001087189	0	1000	ENSDARG00000055158
43.graph	13296	16	16	2	2	2	2	2	2	0.0010545254	0.0000624657	0	1000	ENSDARG00000104765
56.graph	1504	66	71	6	11	3	3	3	3	0.0033562183	0.0003409386	0	1000	ENSDARG00000017901
27.graph	7824	111	113	4	6	2	2	2	2	0.0045921803	0.0001275539	0	1000	ENSDARG00000016936
75.graph	9553	10	12	4	6	2	2	2	2	0.0009698868	0.0001273155	0	1000	ENSDARG00000062830
73.graph	14500	25	26	3	4	2	2	2	2	0.0014777184	0.0000963211	0	1000	ENSDARG00000062973
88.graph	8223	8	9	3	4	2	2	2	2	0.0008184910	0.0000970364	0	1000	ENSDARG00000030981
81.graph	6869	9	11	4	6	2	2	2	2	0.0009305477	0.0001275539	0	1000	ENSDARG00000069545
84.graph	973	9	10	3	4	2	2	2	2	0.0008490086	0.0000958443	0	1000	ENSDARG00000091869
30.graph	2780	20	22	4	6	2	2	2	2	0.0013215542	0.0001258850	0	1000	ENSDARG00000028082
64.graph	13177	10	11	3	4	2	2	2	2	0.0009272099	0.0000967979	0	1000	ENSDARG00000014956
50.graph	11447	11	12	3	4	2	2	2	2	0.0009319782	0.0000970364	0	1000	ENSDARG00000018303
81.graph	3977	16	17	3	4	2	2	2	2	0.0011303425	0.0000948906	0	1000	ENSDARG00000103900
29.graph	13692	30	34	4	8	3	3	3	3	0.0018956661	0.0002517700	0	1000	ENSDARG00000040087
39.graph	2551	41	43	4	6	2	2	2	2	0.0020520687	0.0001332760	0	1000	ENSDARG00000059711
29.graph	4373	8	9	3	4	2	2	2	2	0.0008463860	0.0000960827	0	1000	ENSDARG00000008906
9.graph	7735	31	33	4	6	2	2	2	2	0.0017290115	0.0001263618	0	1000	ENSDARG00000010407
92.graph	6456	14	16	4	6	2	2	2	2	0.0010957718	0.0001299381	0	1000	ENSDARG00000069453
12.graph	8118	13	14	3	4	2	2	2	2	0.0010519028	0.0000963211	0	1000	ENSDARG00000099720
31.graph	4120	12	14	4	6	2	2	2	2	0.0010435581	0.0001289845	0	1000	ENSDARG00000052030
66.graph	4752	9	10	3	4	2	2	2	2	0.0008430481	0.0000948906	0	1000	ENSDARG00000092920
61.graph	3246	16	18	4	6	2	2	2	2	0.0011599064	0.0001344681	0	1000	ENSDARG00000054849
11.graph	4972	42	44	4	6	2	2	2	2	0.0021245480	0.0001294613	0	1000	ENSDARG00000075543
97.graph	4171	66	69	5	8	2	2	2	2	0.0031197071	0.0001549721	0	1000	ENSDARG00000014655
80.graph	13247	15	16	3	4	2	2	2	2	0.0010921955	0.0000946522	0	1000	ENSDARG00000070040
42.graph	1694	15	22	5	12	4	4	4	4	0.0018129349	0.0005793571	0	1000	ENSDARG00000003193
35.graph	9336	22	24	4	6	2	2	2	2	0.0014162064	0.0001282692	0	1000	ENSDARG00000052942
28.graph	13782	33	34	3	4	2	2	2	2	0.0017404556	0.0001032352	0	1000	ENSDARG00000062974
68.graph	7185	15	17	4	6	2	2	2	2	0.0011463165	0.0001332760	0	1000	ENSDARG00000040159
91.graph	10026	15	16	3	4	2	2	2	2	0.0010781288	0.0000953674	0	1000	ENSDARG00000068582
1.graph	11006	24	26	4	6	2	2	2	2	0.0014908314	0.0001347065	0	1000	ENSDARG00000061977
40.graph	2959	8	9	3	4	2	2	2	2	0.0008022785	0.0000939369	0	1000	ENSDARG00000092458
53.graph	7853	16	18	4	6	2	2	2	2	0.0011935234	0.0001277924	0	1000	ENSDARG00000016743
72.graph	6458	45	46	3	4	2	2	2	2	0.0021517277	0.0000996590	0	1000	ENSDARG00000062089
13.graph	15559	12	12	2	2	2	2	2	2	0.0009231567	0.0000643730	0	1000	ENSDARG00000075846
28.graph	10059	10	11	3	4	2	2	2	2	0.0009014606	0.0000958443	0	1000	ENSDARG00000058574
93.graph	12247	22	28	4	10	4	4	4	4	0.0019996166	0.0005383492	0	1000	ENSDARG00000035918
78.graph	13402	11	13	4	6	2	2	2	2	0.0010378361	0.0001366138	0	1000	ENSDARG00000036628
4.graph	11425	20	22	4	6	2	2	2	2	0.0013282299	0.0001270771	0	1000	ENSDARG00000054023
95.graph	5637	9	10	3	4	2	2	2	2	0.0008463860	0.0000972748	0	1000	ENSDARG00000031202
93.graph	8834	10	12	4	6	2	2	2	2	0.0009584427	0.0001282692	0	1000	ENSDARG00000022684
33.graph	7001	10	12	4	6	2	2	2	2	0.0009524822	0.0001292229	0	1000	ENSDARG00000086847
51.graph	7141	25	31	6	12	3	3	3	3	0.0018529892	0.0002617836	0	1000	ENSDARG00000004724
86.graph	15196	17	18	3	4	2	2	2	2	0.0012183189	0.0000970364	0	1000	ENSDARG00000071413
18.graph	15296	21	30	8	17	4	4	4	4	0.0026569366	0.0011553764	0	1000	ENSDARG00000013351
33.graph	426	11	14	4	7	3	3	3	3	0.0010857582	0.0001683235	0	1000	ENSDARG00000091746
9.graph	10903	12	14	4	6	3	2	3	3	0.0239963531	0.0002455711	0	1000	ENSDARG00000006025
94.graph	7318	16	18	4	6	2	2	2	2	0.0011737347	0.0001266003	0	1000	ENSDARG00000015856
7.graph	8404	15	16	3	4	2	2	2	2	0.0010671616	0.0000948906	0	1000	ENSDARG00000029859
17.graph	11775	14	18	5	9	3	3	3	3	0.0013673306	0.0003178120	0	1000	ENSDARG00000079654
52.graph	4329	42	43	3	4	2	2	2	2	0.0020892620	0.0000967979	0	1000	ENSDARG00000017244
87.graph	7467	11	12	3	4	2	2	2	2	0.0009384155	0.0001008511	0	1000	ENSDARG00000027807
76.graph	13804	19	22	5	8	2	2	2	2	0.0013728142	0.0001633167	0	1000	ENSDARG00000016769
52.graph	14660	6	6	2	2	2	2	2	2	0.0006988049	0.0000636578	0	1000	ENSDARG00000033376
87.graph	2779	20	23	4	7	3	3	3	3	0.0014455318	0.0001714230	0	1000	ENSDARG00000003803
69.graph	9306	8	10	4	6	2	2	2	2	0.0008831024	0.0001320839	0	1000	ENSDARG00000093378
64.graph	5353	12	16	4	8	3	3	3	3	0.0012416840	0.0002107620	0	1000	ENSDARG00000025034
97.graph	6478	15	16	3	4	2	2	2	2	0.0010607243	0.0000948906	0	1000	ENSDARG00000024789
22.graph	7881	9	9	2	2	2	2	2	2	0.0007867813	0.0000624657	0	1000	ENSDARG00000034957
9.graph	3327	15	17	4	6	2	2	2	2	0.0011255741	0.0001294613	0	1000	ENSDARG00000078604
70.graph	2614	11	13	4	6	2	2	2	2	0.0009818077	0.0001277924	0	1000	ENSDARG00000075714
17.graph	9687	26	28	4	6	2	2	2	2	0.0015339851	0.0001292229	0	1000	ENSDARG00000000394
93.graph	90	21	25	6	10	2	2	2	2	0.0015108585	0.0007717609	0	1000	ENSDARG00000095324
44.graph	1489	32	33	3	4	2	2	2	2	0.0016608238	0.0000967979	0	1000	ENSDARG00000011259
63.graph	6150	21	26	5	10	3	3	3	3	0.0016245842	0.0002698898	0	1000	ENSDARG00000099635
55.graph	6906	11	14	3	6	3	3	3	3	0.0011105537	0.0001761913	0	1000	ENSDARG00000057626
22.graph	11280	27	32	5	10	3	3	3	3	0.0018820763	0.0002682209	0	1000	ENSDARG00000071694
98.graph	2993	10	12	4	6	2	2	2	2	0.0009524822	0.0001277924	0	1000	ENSDARG00000100677
66.graph	4816	27	29	4	6	2	2	2	2	0.0015959740	0.0001385212	0	1000	ENSDARG00000060767
72.graph	5611	12	15	5	8	2	2	2	2	0.0011630058	0.0001573563	0	1000	ENSDARG00000031632
56.graph	10870	13	14	3	4	2	2	2	2	0.0010559559	0.0000970364	0	1000	ENSDARG00000041631
57.graph	4678	23	25	4	6	2	2	2	2	0.0014028549	0.0001289845	0	1000	ENSDARG00000062272
13.graph	2420	27	29	4	6	2	2	2	2	0.0015628338	0.0001268387	0	1000	ENSDARG00000075580
88.graph	2778	13	15	4	6	2	2	2	2	0.0010430813	0.0001280308	0	1000	ENSDARG00000032584
46.graph	9572	13	15	4	6	2	2	2	2	0.0010852814	0.0001275539	0	1000	ENSDARG00000025912
51.graph	13117	7	8	3	4	2	2	2	2	0.0008091927	0.0000967979	0	1000	ENSDARG00000058488
60.graph	6814	14	15	3	4	2	2	2	2	0.0010337830	0.0000967979	0	1000	ENSDARG00000073950
40.graph	13269	25	26	3	4	2	2	2	2	0.0014469624	0.0000965595	0	1000	ENSDARG00000098766
17.graph	5692	16	18	4	6	2	2	2	2	0.0012140274	0.0001354218	0	1000	ENSDARG00000057303
68.graph	5141	33	34	3	4	2	2	2	2	0.0017578602	0.0000944138	0	1000	ENSDARG00000075886
51.graph	9323	6	6	2	2	2	2	2	2	0.0007250309	0.0000631809	0	1000	ENSDARG00000052928
53.graph	8547	9	10	3	4	2	2	2	2	0.0008652210	0.0000965595	0	1000	ENSDARG00000042159
28.graph	13178	14	15	3	4	2	2	2	2	0.0010411739	0.0000970364	0	1000	ENSDARG00000052923
34.graph	1819	17	21	4	8	3	3	3	3	0.0013782978	0.0002114773	0	1000	ENSDARG00000068256
47.graph	6840	14	18	5	9	3	3	3	3	0.0013778210	0.0003097057	0	1000	ENSDARG00000029533
85.graph	10240	10	12	4	6	2	2	2	2	0.0009770393	0.0001351833	0	1000	ENSDARG00000034423
21.graph	360	22	22	2	2	2	2	2	2	0.0012290478	0.0000627041	0	1000	ENSDARG00000018111
21.graph	8295	28	30	4	6	2	2	2	2	0.0016229153	0.0001294613	0	1000	ENSDARG00000010408
100.graph	11702	19	25	5	11	4	4	4	4	0.0022699833	0.0009236336	0	1000	ENSDARG00000103333
100.graph	251	18	21	5	8	3	2	3	3	0.0270981789	0.0003201962	0	1000	ENSDARG00000032919
22.graph	4476	9	10	3	4	2	2	2	2	0.0008900166	0.0000946522	0	1000	ENSDARG00000063375
91.graph	6314	21	22	3	4	2	2	2	2	0.0012934208	0.0000960827	0	1000	ENSDARG00000055934
22.graph	10539	25	26	3	4	2	2	2	2	0.0014464855	0.0000975132	0	1000	ENSDARG00000102294
69.graph	3230	14	18	4	8	3	3	3	3	0.0013525486	0.0002069473	0	1000	ENSDARG00000054942
75.graph	5704	23	24	3	4	2	2	2	2	0.0013728142	0.0000951290	0	1000	ENSDARG00000036774
17.graph	8939	17	24	4	11	4	4	4	4	0.0018761158	0.0005660057	0	1000	ENSDARG00000029874
77.graph	11654	20	21	3	4	2	2	2	2	0.0012569427	0.0000963211	0	1000	ENSDARG00000103650
85.graph	8054	24	27	4	7	3	3	3	3	0.0016279221	0.0002539158	0	1000	ENSDARG00000006395
34.graph	13549	26	27	3	4	2	2	2	2	0.0014896393	0.0000939369	0	1000	ENSDARG00000053547
92.graph	11021	31	37	5	11	4	4	4	4	0.0022854805	0.0004847050	0	1000	ENSDARG00000021584
53.graph	5785	13	18	4	9	3	3	3	3	0.0013074875	0.0002415180	0	1000	ENSDARG00000069632
23.graph	10992	5	5	2	2	2	2	2	2	0.0006756783	0.0000677109	0	1000	ENSDARG00000097368
84.graph	9827	11	14	3	6	3	3	3	3	0.0011069775	0.0001714230	0	1000	ENSDARG00000034610
94.graph	15118	17	18	3	4	2	2	2	2	0.0011742115	0.0000951290	0	1000	ENSDARG00000043055
8.graph	3	27	29	4	6	2	2	2	2	0.0015628338	0.0006897449	0	1000	ENSDARG00000103095
13.graph	9409	39	46	5	12	4	4	4	4	0.0028824806	0.0007445812	0	1000	ENSDARG00000040492
49.graph	7552	29	31	4	6	2	2	2	2	0.0016226768	0.0001332760	0	1000	ENSDARG00000004262
86.graph	6603	8	10	4	6	2	2	2	2	0.0008804798	0.0001280308	0	1000	ENSDARG00000019566
