sparse_quant_SRR073735.graph	7267	10	12	4	6	2	2	2	2	0.0009787083	0.0001285076	0	1000	ENSG00000166352
sparse_quant_SRR073739.graph	11490	24	31	6	13	4	4	4	4	0.0021212101	0.0004699230	0	1000	ENSG00000214013
sparse_quant_SRR060169.graph	3750	15	16	3	4	2	2	2	2	0.0010740757	0.0001125336	0	1000	ENSG00000182481
sparse_quant_ERR458843.graph	8511	10	11	3	4	2	2	2	2	0.0008983612	0.0001010895	0	1000	ENSG00000124160
sparse_quant_ERR576285.graph	16233	38	56	9	27	8	8	8	8	0.5143887997	0.5046625137	0	1000	ENSG00000100325
sparse_quant_SRR1025503.graph	3585	37	48	7	18	7	7	7	7	0.0586884022	0.0550575256	0	1000	ENSG00000133835
sparse_quant_ERR173261.graph	8148	25	37	6	18	7	7	7	7	0.0603470802	0.0566976070	0	1000	ENSG00000180773
sparse_quant_ERR188156.graph	3691	10	11	3	4	2	2	2	2	0.0009012222	0.0000963211	0	1000	ENSG00000051596
sparse_quant_ERR356369.graph	8332	26	43	10	27	7	7	7	7	0.2633810043	0.2561357021	0	1000	ENSG00000134285
sparse_quant_ERR188142.graph	3818	19	28	6	15	5	5	5	5	0.0046608448	0.0031921864	0	1000	ENSG00000112763
sparse_quant_DRR028187.graph	2792	13	16	5	8	2	2	2	2	0.0011515617	0.0001554489	0	1000	ENSG00000113552
sparse_quant_SRR032245.graph	10291	18	21	4	7	3	3	3	3	0.0014281273	0.0002422333	0	1000	ENSG00000165861
sparse_quant_DRR006380.graph	5386	14	17	5	8	2	2	2	2	0.0011856556	0.0001566410	0	1000	ENSG00000134291
sparse_quant_ERR188133.graph	2266	8	10	4	6	2	2	2	2	0.0009112358	0.0001316071	0	1000	ENSG00000179934
sparse_quant_SRR1023790.graph	8032	18	26	6	14	4	4	4	4	0.0019500256	0.0005071163	0	1000	ENSG00000165669
sparse_quant_SRR066467.graph	10053	22	31	6	15	5	5	5	5	0.0034093857	0.0017061234	0	1000	ENSG00000177666
sparse_quant_ERR188136.graph	4130	12	13	3	4	2	2	2	2	0.0009918213	0.0000965595	0	1000	ENSG00000012660
sparse_quant_SRR037192.graph	12174	20	30	5	15	5	5	5	5	0.0058321953	0.0042243004	0	1000	ENSG00000106799
sparse_quant_SRR037166.graph	3348	18	24	5	11	4	4	4	4	0.0018098354	0.0004465580	0	1000	ENSG00000250588
sparse_quant_ERR315454.graph	12797	16	22	5	11	3	3	3	3	0.0015387535	0.0003161430	0	1000	ENSG00000118894
sparse_quant_ERR204847.graph	8290	13	17	5	9	3	3	3	3	0.0013425350	0.0003116131	0	1000	ENSG00000100526
sparse_quant_ERR342884.graph	6128	24	28	4	8	3	3	3	3	0.0016436577	0.0002050400	0	1000	ENSG00000133131
sparse_quant_ERR204931.graph	10078	13	14	3	4	2	2	2	2	0.0010335445	0.0000984669	0	1000	ENSG00000121060
sparse_quant_ERR315464.graph	8627	6	6	2	2	2	2	2	2	0.0006992817	0.0000631809	0	1000	ENSG00000110060
sparse_quant_DRR006383.graph	1529	18	21	3	6	3	3	3	3	0.0013151169	0.0001716614	0	1000	ENSG00000144381
sparse_quant_DRR001624.graph	16426	11	13	4	6	2	2	2	2	0.0010747910	0.0001282692	0	1000	ENSG00000237037
sparse_quant_ERR594514.graph	13660	18	19	3	4	2	2	2	2	0.0012750626	0.0000970364	0	1000	ENSG00000214331
sparse_quant_ERR412875.graph	6432	21	22	3	4	2	2	2	2	0.0013201237	0.0001018047	0	1000	ENSG00000147874
sparse_quant_SRR032245.graph	10141	18	21	5	8	2	2	2	2	0.0013434887	0.0001564026	0	1000	ENSG00000165516
sparse_quant_ERR579127.graph	15008	22	26	5	9	3	3	3	3	0.0016133785	0.0002000332	0	1000	ENSG00000130749
sparse_quant_SRR1004305.graph	856	31	38	6	13	4	4	4	4	0.0023832321	0.0005609989	0	1000	ENSG00000116299
sparse_quant_SRR1004286.graph	341	28	31	3	6	3	3	3	3	0.0016994476	0.0001697540	0	1000	ENSG00000117676
sparse_quant_SRR038446.graph	12210	8	9	3	4	2	2	2	2	0.0008523464	0.0000963211	0	1000	ENSG00000103152
sparse_quant_ERR205005.graph	5389	14	16	4	6	2	2	2	2	0.0011084080	0.0001356602	0	1000	ENSG00000187735
sparse_quant_SRR057649.graph	2332	13	16	3	6	3	3	3	3	0.0012109280	0.0001707077	0	1000	ENSG00000115364
sparse_quant_SRR1023790.graph	7260	13	17	5	9	3	3	3	3	0.0013380051	0.0003113747	0	1000	ENSG00000174903
sparse_quant_DRR028211.graph	4241	17	22	4	9	4	4	4	4	0.0020458698	0.0007817745	0	1000	ENSG00000147601
sparse_quant_ERR532441.graph	5622	12	12	2	2	2	2	2	2	0.0009062290	0.0000624657	0	1000	ENSG00000122574
sparse_quant_SRR074899.graph	10420	22	26	6	10	2	2	2	2	0.0015704632	0.0001907349	0	1000	ENSG00000171877
sparse_quant_ERR532435.graph	1031	13	19	3	9	5	5	5	5	0.0046684742	0.0034618378	0	1000	ENSG00000143420
sparse_quant_SRR1003820.graph	2104	27	28	3	4	2	2	2	2	0.0014867783	0.0000946522	0	1000	ENSG00000138646
sparse_quant_ERR658218.graph	10282	24	33	7	16	4	4	4	4	0.0027265549	0.0011186600	0	1000	ENSG00000119599
sparse_quant_ERR205007.graph	671	6	7	3	4	2	2	2	2	0.0007431507	0.0000956059	0	1000	ENSG00000197852
sparse_quant_SRR037192.graph	10310	13	19	5	11	4	4	4	4	0.0020182133	0.0008549690	0	1000	ENSG00000147145
sparse_quant_SRR094903.graph	4125	22	36	8	22	6	6	6	6	0.0135114193	0.0114574432	0	1000	ENSG00000145592
sparse_quant_ERR204866.graph	4984	21	28	4	11	5	5	5	5	0.0030109882	0.0014765263	0	1000	ENSG00000105835
sparse_quant_ERR188165.graph	11141	9	11	4	6	2	2	2	2	0.0009527206	0.0001296997	0	1000	ENSG00000101417
sparse_quant_ERR412876.graph	52	21	31	6	16	5	5	5	5	0.0036339760	0.0020167828	0	1000	ENSG00000189339
sparse_quant_SRR067396.graph	3499	14	17	4	7	3	3	3	3	0.0012502670	0.0001716614	0	1000	ENSG00000138796
sparse_quant_SRR094182.graph	14421	15	18	4	7	3	3	3	3	0.0012798309	0.0001778603	0	1000	ENSG00000184058
sparse_quant_ERR188311.graph	7201	23	32	6	15	5	5	5	5	0.0034427643	0.0018203259	0	1000	ENSG00000010219
sparse_quant_SRR031633.graph	3076	17	26	5	14	5	5	5	5	0.0042989254	0.0028624535	0	1000	ENSG00000114850
sparse_quant_DRR023642.graph	6774	9	11	4	6	2	2	2	2	0.0009353161	0.0001275539	0	1000	ENSG00000136859
sparse_quant_SRR031925.graph	9755	7	9	4	6	2	2	2	2	0.0008928776	0.0001289845	0	1000	ENSG00000134864
sparse_quant_ERR188267.graph	4128	8	8	2	2	2	2	2	2	0.0007450581	0.0000603199	0	1000	ENSG00000112029
sparse_quant_ERR405361.graph	1643	36	58	9	31	9	9	9	9	4.6599440575	4.6358420849	0	1000	ENSG00000116001
sparse_quant_ERR188152.graph	5902	11	13	4	6	2	2	2	2	0.0009989738	0.0001263618	0	1000	ENSG00000120159
sparse_quant_DRR023459.graph	11827	20	26	5	11	4	4	4	4	0.0023112297	0.0009224415	0	1000	ENSG00000149636
sparse_quant_SRR1015683.graph	13836	11	15	4	8	3	3	3	3	0.0012459755	0.0002043247	0	1000	ENSG00000004779
sparse_quant_SRR020746.graph	13393	19	25	6	12	4	4	4	4	0.0019519329	0.0004842281	0	1000	ENSG00000198074
sparse_quant_ERR205021.graph	11059	13	17	4	8	3	3	3	3	0.0013012886	0.0002453327	0	1000	ENSG00000167380
sparse_quant_SRR058067.graph	7486	15	22	5	12	4	4	4	4	0.0019247532	0.0006458759	0	1000	ENSG00000162222
sparse_quant_SRR018267.graph	1588	9	11	3	5	3	3	3	3	0.0009772778	0.0001783371	0	1000	ENSG00000173163
sparse_quant_ERR405388.graph	6518	28	30	4	6	2	2	2	2	0.0016369820	0.0001273155	0	1000	ENSG00000136935
sparse_quant_SRR031629.graph	8437	20	23	3	6	3	3	3	3	0.0014214516	0.0001714230	0	1000	ENSG00000187522
sparse_quant_SRR031927.graph	6552	14	19	5	10	4	4	4	4	0.0018744469	0.0007359982	0	1000	ENSG00000101843
sparse_quant_ERR342838.graph	2542	21	25	5	9	3	3	3	3	0.0015954971	0.0002732277	0	1000	ENSG00000131389
sparse_quant_ERR266331.graph	15336	32	36	4	8	3	3	3	3	0.0019786358	0.0002424717	0	1000	ENSG00000108395
sparse_quant_SRR031968.graph	12425	13	18	4	9	4	4	4	4	0.0015132427	0.0003719330	0	1000	ENSG00000272888
sparse_quant_ERR266334.graph	7700	10	14	4	8	3	3	3	3	0.0011460781	0.0002098083	0	1000	ENSG00000171033
sparse_quant_DRR006470.graph	8946	31	41	6	16	5	5	5	5	0.0075840950	0.0055632591	0	1000	ENSG00000118308
sparse_quant_DRR023495.graph	6868	9	11	4	6	2	2	2	2	0.0009353161	0.0001292229	0	1000	ENSG00000188229
sparse_quant_DRR023644.graph	4513	22	24	4	6	2	2	2	2	0.0014145374	0.0001277924	0	1000	ENSG00000112118
sparse_quant_SRR094186.graph	7335	17	23	6	12	3	3	3	3	0.0015816689	0.0003349781	0	1000	ENSG00000104497
sparse_quant_ERR405367.graph	8422	15	23	4	12	5	5	5	5	0.0052013397	0.0037868023	0	1000	ENSG00000167272
sparse_quant_ERR188054.graph	8390	8	9	3	4	2	2	2	2	0.0008327961	0.0000970364	0	1000	ENSG00000100564
sparse_quant_SRR037183.graph	16730	21	21	2	2	2	2	2	2	0.0012640953	0.0000622272	0	1000	ENSG00000079337
sparse_quant_ERR188267.graph	3541	23	30	5	12	4	4	4	4	0.0022623539	0.0007321835	0	1000	ENSG00000196923
sparse_quant_SRR1025507.graph	11278	7	8	3	4	2	2	2	2	0.0007860661	0.0000963211	0	1000	ENSG00000101443
sparse_quant_SRR031921.graph	8777	18	25	6	13	3	3	3	3	0.0016777515	0.0003356934	0	1000	ENSG00000136754
sparse_quant_ERR532434.graph	2121	9	10	3	4	2	2	2	2	0.0008594990	0.0001027584	0	1000	ENSG00000243290
sparse_quant_SRR066469.graph	4175	20	24	5	9	3	3	3	3	0.0015115738	0.0001988411	0	1000	ENSG00000180370
sparse_quant_ERR188142.graph	2975	19	21	4	6	2	2	2	2	0.0012681484	0.0001266003	0	1000	ENSG00000118762
sparse_quant_ERR188266.graph	5065	10	11	3	4	2	2	2	2	0.0008907318	0.0000956059	0	1000	ENSG00000275342
sparse_quant_SRR031628.graph	10305	11	12	3	4	2	2	2	2	0.0009822845	0.0000970364	0	1000	ENSG00000166068
sparse_quant_DRR028187.graph	7870	11	14	3	6	3	3	3	3	0.0011467934	0.0001742840	0	1000	ENSG00000189159
sparse_quant_ERR188120.graph	10635	13	18	3	8	4	4	4	4	0.0016238689	0.0005042553	0	1000	ENSG00000167083
sparse_quant_DRR009277.graph	6143	12	14	4	6	2	2	2	2	0.0010530949	0.0001268387	0	1000	ENSG00000127957
sparse_quant_ERR661162.graph	12613	7	9	4	6	2	2	2	2	0.0008795261	0.0001285076	0	1000	ENSG00000239415
sparse_quant_SRR1024130.graph	3628	22	28	5	11	4	4	4	4	0.0019278526	0.0004506111	0	1000	ENSG00000049860
sparse_quant_ERR188331.graph	5533	20	24	6	10	2	2	2	2	0.0014848709	0.0001831055	0	1000	ENSG00000175305
sparse_quant_ERR329502.graph	7584	21	31	7	17	5	5	5	5	0.0047464371	0.0029697418	0	1000	ENSG00000170312
sparse_quant_SRR018260.graph	8629	16	17	3	4	2	2	2	2	0.0011286736	0.0000960827	0	1000	ENSG00000139668
sparse_quant_ERR565156.graph	5905	17	18	3	4	2	2	2	2	0.0011396408	0.0000963211	0	1000	ENSG00000103342
sparse_quant_ERR315390.graph	3037	16	18	4	6	2	2	2	2	0.0011613369	0.0001268387	0	1000	ENSG00000164087
sparse_quant_ERR035536.graph	3260	22	34	6	18	7	7	7	7	0.2308809757	0.2261037827	0	1000	ENSG00000136603
sparse_quant_ERR315449.graph	10193	20	25	5	10	3	3	3	3	0.0016169548	0.0003085136	0	1000	ENSG00000131467
sparse_quant_SRR058069.graph	8559	25	29	5	9	3	3	3	3	0.0017096996	0.0001983643	0	1000	ENSG00000107651
sparse_quant_ERR188084.graph	2887	18	24	4	10	4	4	4	4	0.0019240379	0.0006501675	0	1000	ENSG00000122068
sparse_quant_DRR006471.graph	15206	28	41	9	22	7	6	7	7	53.9126260281	0.1751809120	0	1000	ENSG00000101199
sparse_quant_ERR188149.graph	6839	22	26	4	8	3	3	3	3	0.0016198158	0.0002434254	0	1000	ENSG00000198382
sparse_quant_SRR1004309.graph	8365	17	22	5	10	4	4	4	4	0.0018544197	0.0005824566	0	1000	ENSG00000107281
sparse_quant_SRR073736.graph	10448	22	26	4	8	3	3	3	3	0.0015866756	0.0002071857	0	1000	ENSG00000028528
sparse_quant_ERR188151.graph	1032	25	37	6	18	7	6	7	7	8.4929924011	0.3300683498	0	1000	ENSG00000116750
sparse_quant_DRR006395.graph	10961	8	9	3	4	2	2	2	2	0.0008347034	0.0000946522	0	1000	ENSG00000155330
sparse_quant_ERR188164.graph	7557	8	9	3	4	2	2	2	2	0.0008251667	0.0000963211	0	1000	ENSG00000255857
sparse_quant_DRR028556.graph	906	12	14	4	6	2	2	2	2	0.0010209084	0.0001266003	0	1000	ENSG00000240344
sparse_quant_ERR315462.graph	8293	20	32	6	18	6	6	6	6	0.0189478397	0.0169444084	0	1000	ENSG00000172757
sparse_quant_ERR315470.graph	12783	32	38	6	12	4	4	4	4	0.0024216175	0.0005030632	0	1000	ENSG00000090905
sparse_quant_SRR1004309.graph	16268	20	22	4	6	2	2	2	2	0.0013430119	0.0001296997	0	1000	ENSG00000100029
sparse_quant_DRR028273.graph	4814	26	27	3	4	2	2	2	2	0.0014512539	0.0000960827	0	1000	ENSG00000170456
sparse_quant_SRR037181.graph	18639	22	23	3	4	2	2	2	2	0.0013470650	0.0000963211	0	1000	ENSG00000170160
sparse_quant_SRR1025511.graph	7668	16	22	5	11	4	4	4	4	0.0016894341	0.0004065037	0	1000	ENSG00000165669
sparse_quant_ERR205023.graph	4496	25	30	6	11	3	3	3	3	0.0018472672	0.0003738403	0	1000	ENSG00000006576
sparse_quant_ERR409892.graph	2538	13	14	3	4	2	2	2	2	0.0009882450	0.0000967979	0	1000	ENSG00000067840
sparse_quant_SRR032127.graph	11904	26	36	7	17	5	5	5	5	0.0043134689	0.0024824142	0	1000	ENSG00000094914
sparse_quant_SRR1017157.graph	1210	18	21	5	8	2	2	2	2	0.0013043880	0.0001566410	0	1000	ENSG00000117597
sparse_quant_SRR1025504.graph	1871	14	15	3	4	2	2	2	2	0.0010325909	0.0000958443	0	1000	ENSG00000065548
sparse_quant_SRR1025500.graph	8794	18	22	4	8	3	3	3	3	0.0014514923	0.0002446175	0	1000	ENSG00000129460
sparse_quant_DRR023492.graph	9038	14	17	3	6	3	3	3	3	0.0012333393	0.0001699924	0	1000	ENSG00000139737
sparse_quant_DRR028513.graph	6945	16	17	3	4	2	2	2	2	0.0011160374	0.0000953674	0	1000	ENSG00000141404
sparse_quant_SRR038294.graph	16647	22	37	6	21	8	8	8	8	2.9643094540	2.9205999374	0	1000	ENSG00000015475
sparse_quant_ERR188482.graph	3360	33	38	6	11	3	3	3	3	0.0021286011	0.0003833771	0	1000	ENSG00000145715
sparse_quant_SRR020738.graph	13969	23	39	7	23	8	8	8	8	1.5130145550	1.4794850349	0	1000	ENSG00000153443
sparse_quant_ERR204930.graph	3583	8	9	3	4	2	2	2	2	0.0008025169	0.0000956059	0	1000	ENSG00000171992
sparse_quant_ERR380551.graph	7466	13	16	5	8	3	2	3	3	0.0251524448	0.0003180504	0	1000	ENSG00000166321
sparse_quant_DRR023548.graph	4491	12	14	4	6	2	2	2	2	0.0010333061	0.0001339912	0	1000	ENSG00000172594
sparse_quant_DRR023676.graph	5831	8	9	3	4	2	2	2	2	0.0008320808	0.0000956059	0	1000	ENSG00000101888
sparse_quant_SRR020287.graph	11966	32	42	7	17	5	5	5	5	0.0036158562	0.0014929771	0	1000	ENSG00000090861
sparse_quant_SRR1012932.graph	10361	27	44	8	25	7	7	7	7	0.2463560104	0.2400653362	0	1000	ENSG00000187630
sparse_quant_DRR006385.graph	6509	14	17	5	8	2	2	2	2	0.0011899471	0.0001628399	0	1000	ENSG00000172269
sparse_quant_SRR037178.graph	23208	44	66	14	36	7	7	7	7	0.0617468357	0.0571925640	0	1000	ENSG00000100429
sparse_quant_SRR031632.graph	11475	14	17	5	8	2	2	2	2	0.0012099743	0.0001568794	0	1000	ENSG00000141101
sparse_quant_SRR031945.graph	9188	14	19	5	10	3	3	3	3	0.0014026165	0.0003068447	0	1000	ENSG00000110906
sparse_quant_SRR031940.graph	5556	20	27	5	12	4	4	4	4	0.0021457672	0.0006198883	0	1000	ENSG00000118503
sparse_quant_DRR006472.graph	5864	14	18	4	8	3	3	3	3	0.0013046265	0.0002460480	0	1000	ENSG00000175567
sparse_quant_ERR576280.graph	5137	16	21	5	10	3	3	3	3	0.0014801025	0.0002355576	0	1000	ENSG00000170271
sparse_quant_SRR037183.graph	24556	5	5	2	2	2	2	2	2	0.0006842613	0.0000672340	0	1000	ENSG00000160888
sparse_quant_SRR031963.graph	2260	25	35	6	16	6	6	6	6	0.0099124908	0.0079202652	0	1000	ENSG00000144381
sparse_quant_DRR023520.graph	734	9	9	2	2	2	2	2	2	0.0009441376	0.0000779629	0	1000	ENSG00000116815
sparse_quant_ERR305906.graph	14270	18	27	6	15	4	4	4	4	0.0022590160	0.0007445812	0	1000	ENSG00000185437
sparse_quant_ERR532436.graph	13114	23	24	3	4	2	2	2	2	0.0014021397	0.0000951290	0	1000	ENSG00000070366
sparse_quant_SRR1004308.graph	1666	19	30	7	18	5	5	5	5	0.0033228397	0.0017120838	0	1000	ENSG00000145063
sparse_quant_SRR1026882.graph	15265	8	9	3	4	2	2	2	2	0.0008769035	0.0000979900	0	1000	ENSG00000189152
sparse_quant_SRR031946.graph	12275	27	34	4	11	5	5	5	5	0.0036804676	0.0018844604	0	1000	ENSG00000141456
sparse_quant_ERR532601.graph	12019	10	11	3	4	2	2	2	2	0.0009524822	0.0000963211	0	1000	ENSG00000168701
sparse_quant_SRR031949.graph	16137	23	24	3	4	2	2	2	2	0.0013935566	0.0000963211	0	1000	ENSG00000121289
sparse_quant_ERR188336.graph	6919	19	22	4	7	3	3	3	3	0.0014181137	0.0001711845	0	1000	ENSG00000111203
sparse_quant_SRR1004319.graph	7329	21	32	7	18	6	6	6	6	0.0125310421	0.0107676983	0	1000	ENSG00000147439
sparse_quant_SRR020290.graph	6305	29	30	3	4	2	2	2	2	0.0016088486	0.0001018047	0	1000	ENSG00000198887
sparse_quant_ERR204841.graph	10701	23	27	5	9	3	3	3	3	0.0017180443	0.0003111362	0	1000	ENSG00000125912
sparse_quant_ERR532439.graph	3938	15	18	4	7	3	3	3	3	0.0012893677	0.0002439022	0	1000	ENSG00000109738
sparse_quant_SRR1025501.graph	5219	27	29	4	6	2	2	2	2	0.0015835762	0.0001273155	0	1000	ENSG00000117868
sparse_quant_SRR032121.graph	1928	22	28	5	11	4	4	4	4	0.0019476414	0.0004789829	0	1000	ENSG00000163798
sparse_quant_SRR018266.graph	5502	21	26	4	9	4	4	4	4	0.0021057129	0.0006873608	0	1000	ENSG00000104763
sparse_quant_SRR1026887.graph	14195	24	33	6	15	5	5	5	5	0.0036427975	0.0019161701	0	1000	ENSG00000103496
sparse_quant_DRR023390.graph	1452	27	37	6	16	5	5	5	5	0.0038785934	0.0020241737	0	1000	ENSG00000115234
sparse_quant_ERR315375.graph	422	14	15	3	4	2	2	2	2	0.0010175705	0.0000948906	0	1000	ENSG00000116885
sparse_quant_SRR1004303.graph	13117	18	23	6	11	3	3	3	3	0.0015676022	0.0002374649	0	1000	ENSG00000276141
sparse_quant_ERR205001.graph	8870	23	24	3	4	2	2	2	2	0.0013639927	0.0000970364	0	1000	ENSG00000103043
sparse_quant_SRR074310.graph	4709	9	10	3	4	2	2	2	2	0.0008547306	0.0000951290	0	1000	ENSG00000096080
sparse_quant_ERR458841.graph	1138	16	17	3	4	2	2	2	2	0.0011062622	0.0000965595	0	1000	ENSG00000115758
sparse_quant_ERR188143.graph	11697	33	42	7	16	4	4	4	4	0.0027914047	0.0007383823	0	1000	ENSG00000129353
sparse_quant_ERR315467.graph	10757	15	20	5	10	3	3	3	3	0.0014593601	0.0003252029	0	1000	ENSG00000171763
sparse_quant_ERR380553.graph	6862	7	8	3	4	2	2	2	2	0.0007901192	0.0000946522	0	1000	ENSG00000248643
sparse_quant_SRR1002082.graph	14308	28	36	4	12	5	5	5	5	0.0036363602	0.0017862320	0	1000	ENSG00000177575
sparse_quant_ERR188054.graph	4399	11	17	5	11	4	4	4	4	0.0018179417	0.0007495880	0	1000	ENSG00000006625
sparse_quant_ERR532603.graph	13858	27	33	5	11	3	3	3	3	0.0019609928	0.0003132820	0	1000	ENSG00000004897
sparse_quant_ERR188135.graph	5572	28	32	4	8	3	3	3	3	0.0018084049	0.0002448559	0	1000	ENSG00000107077
sparse_quant_DRR023395.graph	3537	14	16	4	6	2	2	2	2	0.0011010170	0.0001266003	0	1000	ENSG00000164181
sparse_quant_ERR188199.graph	8804	43	48	5	10	3	3	3	3	0.0024120808	0.0002350807	0	1000	ENSG00000021776
sparse_quant_ERR315448.graph	3558	25	40	8	23	7	7	7	7	0.0606355667	0.0572562218	0	1000	ENSG00000214160
sparse_quant_ERR658219.graph	389	22	23	3	4	2	2	2	2	0.0012915134	0.0000951290	0	1000	ENSG00000134698
sparse_quant_ERR532434.graph	7482	29	31	4	6	2	2	2	2	0.0016758442	0.0001280308	0	1000	ENSG00000023287
sparse_quant_ERR204844.graph	9496	12	16	4	8	3	3	3	3	0.0012211800	0.0002071857	0	1000	ENSG00000167208
sparse_quant_ERR325027.graph	4138	16	18	4	6	2	2	2	2	0.0011885166	0.0001289845	0	1000	ENSG00000164934
sparse_quant_ERR329499.graph	437	24	34	7	17	6	6	6	6	0.0199825764	0.0177497864	0	1000	ENSG00000159592
sparse_quant_ERR188055.graph	9621	27	33	5	11	4	4	4	4	0.0021054745	0.0004377365	0	1000	ENSG00000158545
sparse_quant_SRR1015681.graph	8	14	17	4	7	3	3	3	3	0.0012183189	0.0001723766	0	1000	ENSG00000241860
sparse_quant_SRR1026921.graph	9174	17	18	3	4	2	2	2	2	0.0011639595	0.0001008511	0	1000	ENSG00000129173
sparse_quant_DRR009278.graph	4829	25	26	3	4	2	2	2	2	0.0014376640	0.0000951290	0	1000	ENSG00000071242
sparse_quant_SRR1004855.graph	8118	32	45	9	22	5	5	5	5	0.0042011738	0.0018866062	0	1000	ENSG00000089060
sparse_quant_SRR037181.graph	8731	26	41	7	22	7	7	7	7	0.0956199169	0.0913059711	0	1000	ENSG00000172354
sparse_quant_DRR006472.graph	1008	8	10	4	6	2	2	2	2	0.0008687973	0.0001339912	0	1000	ENSG00000159388
sparse_quant_ERR035537.graph	14407	16	19	5	8	2	2	2	2	0.0012784004	0.0001566410	0	1000	ENSG00000267796
sparse_quant_ERR204824.graph	429	14	15	3	4	2	2	2	2	0.0010190010	0.0000946522	0	1000	ENSG00000197429
sparse_quant_DRR023686.graph	224	10	14	4	8	3	3	3	3	0.0011041164	0.0002057552	0	1000	ENSG00000130772
sparse_quant_SRR039629.graph	7478	16	18	4	6	2	2	2	2	0.0011980534	0.0001282692	0	1000	ENSG00000133627
sparse_quant_SRR037177.graph	10350	19	29	6	16	5	5	5	5	0.0035533905	0.0019402504	0	1000	ENSG00000168300
sparse_quant_SRR1004855.graph	6372	11	14	4	7	4	3	3	4	0.1578180790	0.0006830692	0	1000	ENSG00000214026
sparse_quant_DRR006391.graph	4784	20	21	3	4	2	2	2	2	0.0012681484	0.0000958443	0	1000	ENSG00000182541
sparse_quant_ERR576282.graph	12517	46	53	6	13	4	4	4	4	0.0029718876	0.0005149841	0	1000	ENSG00000128908
sparse_quant_SRR1017170.graph	4404	12	13	3	4	2	2	2	2	0.0009512901	0.0000956059	0	1000	ENSG00000012660
sparse_quant_ERR532438.graph	9069	17	18	3	4	2	2	2	2	0.0011658669	0.0000994205	0	1000	ENSG00000149260
sparse_quant_DRR028273.graph	5784	16	24	5	13	4	4	4	4	0.0022838116	0.0009956360	0	1000	ENSG00000140612
sparse_quant_DRR028515.graph	1479	21	22	3	4	2	2	2	2	0.0012950897	0.0000953674	0	1000	ENSG00000173706
sparse_quant_SRR023853.graph	1203	33	47	9	23	6	6	6	6	0.0106260777	0.0081131458	0	1000	ENSG00000143442
sparse_quant_ERR576287.graph	12503	9	11	4	6	2	2	2	2	0.0009534359	0.0001332760	0	1000	ENSG00000104147
sparse_quant_ERR266330.graph	12528	28	33	5	10	3	3	3	3	0.0019044876	0.0002317429	0	1000	ENSG00000090861
sparse_quant_DRR023372.graph	3029	33	53	11	31	8	8	8	8	0.4766323566	0.4647424221	0	1000	ENSG00000174227
sparse_quant_SRR1026926.graph	17540	12	17	5	10	3	3	3	3	0.0013344288	0.0003061295	0	1000	ENSG00000205155
sparse_quant_ERR188143.graph	6992	20	24	4	8	3	3	3	3	0.0015287399	0.0002048016	0	1000	ENSG00000159063
sparse_quant_SRR039630.graph	2601	9	12	4	7	3	3	3	3	0.0010788441	0.0002410412	0	1000	ENSG00000144120
sparse_quant_ERR204836.graph	1809	26	40	9	23	6	6	6	6	0.0113656521	0.0092561245	0	1000	ENSG00000144134
sparse_quant_ERR188149.graph	6508	12	15	3	6	3	3	3	3	0.0011458397	0.0001730919	0	1000	ENSG00000049449
sparse_quant_ERR173260.graph	13417	8	9	3	4	2	2	2	2	0.0008468628	0.0001020432	0	1000	ENSG00000125850
sparse_quant_SRR031628.graph	10620	10	12	3	5	3	3	3	3	0.0010523796	0.0001761913	0	1000	ENSG00000117899
sparse_quant_SRR094903.graph	1781	12	18	4	10	4	4	4	4	0.0016558170	0.0005636215	0	1000	ENSG00000138061
sparse_quant_DRR023493.graph	5104	30	48	8	26	7	7	7	7	0.0759706497	0.0728054047	0	1000	ENSG00000087077
sparse_quant_ERR315398.graph	2975	7	8	3	4	2	2	2	2	0.0007815361	0.0001106262	0	1000	ENSG00000138495
sparse_quant_ERR532436.graph	1939	15	19	4	8	3	3	3	3	0.0013601780	0.0002405643	0	1000	ENSG00000014641
sparse_quant_ERR188121.graph	963	13	16	4	7	3	3	3	3	0.0011866093	0.0002121925	0	1000	ENSG00000198771
sparse_quant_DRR028286.graph	1119	19	20	3	4	2	2	2	2	0.0012159348	0.0000960827	0	1000	ENSG00000088205
sparse_quant_DRR023523.graph	6087	10	13	3	6	3	3	3	3	0.0010542870	0.0001714230	0	1000	ENSG00000164932
sparse_quant_DRR028297.graph	731	12	16	4	8	3	3	3	3	0.0012264252	0.0002431870	0	1000	ENSG00000143771
sparse_quant_ERR315338.graph	14958	12	16	4	8	3	3	3	3	0.0012602806	0.0002453327	0	1000	ENSG00000129968
sparse_quant_ERR532446.graph	12996	19	22	5	8	2	2	2	2	0.0013825893	0.0001573563	0	1000	ENSG00000151338
sparse_quant_SRR031923.graph	15494	16	21	4	9	4	4	4	4	0.0016522408	0.0004191399	0	1000	ENSG00000100034
sparse_quant_ERR476947.graph	15060	7	7	2	2	2	2	2	2	0.0007460117	0.0000629425	0	1000	ENSG00000183145
sparse_quant_ERR188121.graph	10615	42	61	6	25	9	9	9	9	4.8271081448	4.8203794956	0	1000	ENSG00000134759
sparse_quant_DRR023645.graph	5932	9	11	4	6	2	2	2	2	0.0009424686	0.0001280308	0	1000	ENSG00000126903
sparse_quant_ERR188059.graph	6761	39	46	7	14	3	3	3	3	0.0024316311	0.0003337860	0	1000	ENSG00000166004
sparse_quant_DRR023520.graph	12174	20	29	5	14	5	5	5	5	0.0050868988	0.0034558773	0	1000	ENSG00000130479
sparse_quant_ERR053946.graph	2450	12	18	4	10	4	4	4	4	0.0016207695	0.0005459785	0	1000	ENSG00000127824
sparse_quant_ERR188129.graph	10287	14	20	4	10	5	5	5	5	0.0042378902	0.0029838085	0	1000	ENSG00000183011
sparse_quant_SRR061728.graph	7215	15	17	4	6	2	2	2	2	0.0011584759	0.0001282692	0	1000	ENSG00000148090
sparse_quant_SRR1024048.graph	459	21	27	5	11	4	4	4	4	0.0020360947	0.0004632473	0	1000	ENSG00000132128
sparse_quant_DRR023393.graph	13250	8	10	4	6	2	2	2	2	0.0009326935	0.0001358986	0	1000	ENSG00000100294
sparse_quant_SRR1003826.graph	3361	26	30	5	9	3	3	3	3	0.0017356873	0.0002036095	0	1000	ENSG00000215301
sparse_quant_DRR001624.graph	9064	26	29	4	7	3	3	3	3	0.0016672611	0.0001690388	0	1000	ENSG00000168014
sparse_quant_ERR342884.graph	11768	30	34	4	8	3	3	3	3	0.0018737316	0.0002052784	0	1000	ENSG00000132510
sparse_quant_ERR732456.graph	1860	20	27	5	12	4	4	4	4	0.0020661354	0.0006484985	0	1000	ENSG00000115091
sparse_quant_DRR008721.graph	12024	22	32	8	18	3	3	3	3	0.0020694733	0.0004329681	0	1000	ENSG00000196502
sparse_quant_SRR037181.graph	21440	7	9	4	6	2	2	2	2	0.0008857250	0.0001292229	0	1000	ENSG00000178093
sparse_quant_ERR594513.graph	13135	23	33	6	16	5	5	5	5	0.0068395138	0.0050849915	0	1000	ENSG00000103194
sparse_quant_ERR304489.graph	11378	14	16	4	6	2	2	2	2	0.0011684895	0.0001266003	0	1000	ENSG00000160392
sparse_quant_SRR037192.graph	8735	17	25	6	14	4	4	4	4	0.0020971298	0.0007281303	0	1000	ENSG00000146576
sparse_quant_ERR315478.graph	3093	12	14	4	6	2	2	2	2	0.0010323524	0.0001277924	0	1000	ENSG00000163634
sparse_quant_SRR1025511.graph	12172	6	7	3	4	2	2	2	2	0.0007648468	0.0001039505	0	1000	ENSG00000171425
sparse_quant_SRR1014904.graph	2305	21	26	5	10	3	3	3	3	0.0016543865	0.0003054142	0	1000	ENSG00000144635
sparse_quant_ERR188266.graph	4125	26	32	5	11	4	4	4	4	0.0020048618	0.0004048347	0	1000	ENSG00000002822
sparse_quant_SRR1015682.graph	7857	32	48	7	23	8	8	8	8	0.4953422546	0.4843463898	0	1000	ENSG00000165119
sparse_quant_DRR028512.graph	3320	12	14	4	6	2	2	2	2	0.0010743141	0.0001270771	0	1000	ENSG00000120509
sparse_quant_ERR188372.graph	4111	16	18	4	6	2	2	2	2	0.0011792183	0.0001280308	0	1000	ENSG00000156711
sparse_quant_SRR1004857.graph	1310	31	38	5	12	4	4	4	4	0.0025305748	0.0007240772	0	1000	ENSG00000055917
sparse_quant_SRR090589.graph	5326	41	42	3	4	2	2	2	2	0.0020172596	0.0000948906	0	1000	ENSG00000079691
sparse_quant_ERR204847.graph	7681	8	9	3	4	2	2	2	2	0.0008246899	0.0001010895	0	1000	ENSG00000057704
sparse_quant_SRR1026947.graph	18735	6	7	3	4	2	2	2	2	0.0007991791	0.0001039505	0	1000	ENSG00000240591
sparse_quant_ERR315464.graph	1303	10	11	3	4	2	2	2	2	0.0008680820	0.0000989437	0	1000	ENSG00000116667
sparse_quant_DRR028189.graph	3409	29	33	4	8	3	3	3	3	0.0018138885	0.0002057552	0	1000	ENSG00000072501
sparse_quant_ERR188266.graph	1696	11	12	3	4	2	2	2	2	0.0009167194	0.0000951290	0	1000	ENSG00000155438
sparse_quant_ERR380552.graph	6890	19	31	7	19	5	5	5	5	0.0057601929	0.0041167736	0	1000	ENSG00000171067
sparse_quant_ERR208004.graph	8029	30	42	6	18	6	6	6	6	0.0155234337	0.0131287575	0	1000	ENSG00000156170
sparse_quant_DRR006392.graph	2385	29	32	4	7	3	3	3	3	0.0017704964	0.0002124310	0	1000	ENSG00000168137
sparse_quant_SRR020730.graph	26294	14	18	4	8	3	3	3	3	0.0013408661	0.0002470016	0	1000	ENSG00000186710
sparse_quant_SRR089638.graph	2022	11	13	4	6	2	2	2	2	0.0009796619	0.0001268387	0	1000	ENSG00000198075
sparse_quant_SRR039631.graph	1885	23	29	5	11	4	4	4	4	0.0020022392	0.0004801750	0	1000	ENSG00000153187
sparse_quant_ERR188153.graph	11210	19	28	6	15	5	5	5	5	0.0057964325	0.0042421818	0	1000	ENSG00000099817
sparse_quant_ERR579131.graph	7240	15	18	4	7	3	3	3	3	0.0012578964	0.0001688004	0	1000	ENSG00000147439
sparse_quant_SRR074310.graph	5473	11	13	4	6	2	2	2	2	0.0010251999	0.0001294613	0	1000	ENSG00000106244
sparse_quant_ERR315424.graph	13652	37	52	8	23	7	7	7	7	0.0599567890	0.0555334091	0	1000	ENSG00000141068
sparse_quant_DRR023549.graph	7101	24	28	4	8	3	3	3	3	0.0016655922	0.0002117157	0	1000	ENSG00000014138
sparse_quant_DRR001629.graph	8420	13	17	4	8	3	3	3	3	0.0012972355	0.0002436638	0	1000	ENSG00000165006
sparse_quant_DRR023540.graph	6933	18	24	5	11	3	3	3	3	0.0015594959	0.0002732277	0	1000	ENSG00000109911
sparse_quant_DRR006470.graph	8178	9	11	4	6	2	2	2	2	0.0009415150	0.0001275539	0	1000	ENSG00000154146
sparse_quant_ERR188026.graph	12171	7	8	3	4	2	2	2	2	0.0008008480	0.0000965595	0	1000	ENSG00000226328
sparse_quant_SRR1004285.graph	6619	18	20	4	6	2	2	2	2	0.0012679100	0.0001285076	0	1000	ENSG00000187953
sparse_quant_SRR094182.graph	11365	15	24	6	15	4	4	4	4	0.0021426678	0.0007967949	0	1000	ENSG00000133393
sparse_quant_DRR006476.graph	4794	12	17	5	10	3	3	3	3	0.0012817383	0.0002312660	0	1000	ENSG00000118363
sparse_quant_SRR002322.graph	7593	15	17	4	6	2	2	2	2	0.0011515617	0.0001306534	0	1000	ENSG00000221914
sparse_quant_ERR188480.graph	9106	16	26	6	16	5	5	5	5	0.0041015148	0.0026350021	0	1000	ENSG00000169609
sparse_quant_SRR018262.graph	4047	10	13	4	7	3	3	3	3	0.0011355877	0.0002422333	0	1000	ENSG00000137288
sparse_quant_DRR023645.graph	7219	10	12	4	6	2	2	2	2	0.0010113716	0.0001275539	0	1000	ENSG00000156603
sparse_quant_ERR315468.graph	4477	39	56	9	26	8	8	8	8	0.4692597389	0.4582085609	0	1000	ENSG00000112992
sparse_quant_SRR1004316.graph	924	33	35	4	6	2	2	2	2	0.0017800331	0.0001287460	0	1000	ENSG00000065183
sparse_quant_DRR023494.graph	5313	11	16	4	9	3	3	3	3	0.0012180805	0.0002424717	0	1000	ENSG00000133561
sparse_quant_ERR532601.graph	11684	8	10	4	6	2	2	2	2	0.0009129047	0.0001289845	0	1000	ENSG00000103381
sparse_quant_DRR028187.graph	2706	25	32	6	13	4	4	4	4	0.0021705627	0.0005569458	0	1000	ENSG00000164904
sparse_quant_DRR028213.graph	5242	16	20	4	8	3	3	3	3	0.0013802052	0.0002415180	0	1000	ENSG00000111666
sparse_quant_SRR1019692.graph	13916	11	15	4	8	3	3	3	3	0.0012378693	0.0002422333	0	1000	ENSG00000204070
sparse_quant_DRR028598.graph	628	16	22	5	11	4	4	4	4	0.0019490719	0.0006768703	0	1000	ENSG00000014641
sparse_quant_SRR020731.graph	10286	7	9	4	6	2	2	2	2	0.0009009838	0.0001282692	0	1000	ENSG00000243279
sparse_quant_ERR188408.graph	10502	16	21	5	10	3	3	3	3	0.0014817715	0.0003075600	0	1000	ENSG00000022277
sparse_quant_ERR476950.graph	12635	31	43	8	20	6	6	6	6	0.0117356777	0.0095894337	0	1000	ENSG00000198720
sparse_quant_ERR205000.graph	6398	11	15	4	8	3	3	3	3	0.0011804104	0.0002050400	0	1000	ENSG00000239306
sparse_quant_ERR205006.graph	2464	27	35	6	14	5	5	5	5	0.0032784939	0.0014569759	0	1000	ENSG00000114480
sparse_quant_SRR094185.graph	5105	6	7	3	4	2	2	2	2	0.0007481575	0.0000953674	0	1000	ENSG00000182952
sparse_quant_ERR532434.graph	12855	34	44	5	15	6	6	6	6	0.0113148689	0.0090494156	0	1000	ENSG00000103479
sparse_quant_SRR067396.graph	10642	26	34	7	15	4	4	4	4	0.0024158955	0.0006780624	0	1000	ENSG00000140463
sparse_quant_ERR188198.graph	6480	13	14	3	4	2	2	2	2	0.0010187626	0.0001006126	0	1000	ENSG00000110031
sparse_quant_SRR065533.graph	4887	20	21	3	4	2	2	2	2	0.0012385845	0.0000953674	0	1000	ENSG00000135299
sparse_quant_SRR1025505.graph	3503	17	25	4	12	5	5	5	5	0.0038597584	0.0024549961	0	1000	ENSG00000247828
sparse_quant_DRR006438.graph	8182	73	79	5	11	4	4	4	4	0.0036859512	0.0003919601	0	1000	ENSG00000149311
sparse_quant_DRR006479.graph	783	17	18	3	4	2	2	2	2	0.0011241436	0.0000944138	0	1000	ENSG00000092621
sparse_quant_ERR329503.graph	10986	24	36	6	18	6	6	6	6	0.0255124569	0.0233821869	0	1000	ENSG00000168961
sparse_quant_DRR028584.graph	4904	13	15	4	6	2	2	2	2	0.0010983944	0.0001277924	0	1000	ENSG00000121058
sparse_quant_DRR028286.graph	4180	28	33	5	10	3	3	3	3	0.0018801689	0.0002753735	0	1000	ENSG00000110756
sparse_quant_ERR315453.graph	3281	35	36	3	4	2	2	2	2	0.0018365383	0.0000965595	0	1000	ENSG00000114554
sparse_quant_SRR037213.graph	6012	7	9	4	6	2	2	2	2	0.0008540154	0.0001266003	0	1000	ENSG00000228028
sparse_quant_SRR1026958.graph	10017	15	18	3	6	3	3	3	3	0.0012450218	0.0001714230	0	1000	ENSG00000196814
sparse_quant_DRR028183.graph	57	10	11	3	4	2	2	2	2	0.0008723736	0.0001006126	0	1000	ENSG00000160049
sparse_quant_SRR031946.graph	2635	20	28	4	12	5	5	5	5	0.0043034554	0.0027890205	0	1000	ENSG00000125037
sparse_quant_DRR028557.graph	118	10	10	2	2	2	2	2	2	0.0008254051	0.0000636578	0	1000	ENSG00000232022
sparse_quant_SRR1002996.graph	8588	20	24	4	8	3	3	3	3	0.0015220642	0.0002441406	0	1000	ENSG00000165891
sparse_quant_DRR028219.graph	3990	9	11	4	6	2	2	2	2	0.0009284019	0.0001273155	0	1000	ENSG00000196976
sparse_quant_DRR028273.graph	7210	8	10	4	6	2	2	2	2	0.0009288788	0.0001337528	0	1000	ENSG00000196417
sparse_quant_SRR1012932.graph	8088	11	14	4	7	3	3	3	3	0.0011620522	0.0002450943	0	1000	ENSG00000110108
sparse_quant_ERR053946.graph	13016	9	11	4	6	2	2	2	2	0.0009477139	0.0001320839	0	1000	ENSG00000257949
sparse_quant_ERR188193.graph	4112	22	36	6	20	7	7	7	7	0.1637685299	0.1613826752	0	1000	ENSG00000112651
sparse_quant_SRR1002085.graph	4878	38	47	6	15	5	5	5	5	0.0040075779	0.0017502308	0	1000	ENSG00000039123
sparse_quant_DRR028559.graph	1477	21	23	4	6	2	2	2	2	0.0013518333	0.0001282692	0	1000	ENSG00000164329
sparse_quant_SRR037173.graph	2360	47	52	5	10	3	3	3	3	0.0025360584	0.0002698898	0	1000	ENSG00000136731
sparse_quant_DRR023377.graph	3438	14	17	3	6	3	3	3	3	0.0012009144	0.0001740456	0	1000	ENSG00000145414
sparse_quant_ERR637530.graph	7685	15	17	4	6	2	2	2	2	0.0011672974	0.0001301765	0	1000	ENSG00000125482
sparse_quant_SRR066469.graph	16754	6	7	3	4	2	2	2	2	0.0007767677	0.0000972748	0	1000	ENSG00000179981
sparse_quant_SRR1012930.graph	3545	17	19	4	6	2	2	2	2	0.0012187958	0.0001246929	0	1000	ENSG00000164124
sparse_quant_SRR031969.graph	5602	19	24	4	9	3	3	3	3	0.0015120506	0.0002377033	0	1000	ENSG00000006837
sparse_quant_DRR023686.graph	8787	10	12	4	6	2	2	2	2	0.0009760857	0.0001273155	0	1000	ENSG00000235194
sparse_quant_ERR266338.graph	5055	13	15	3	5	3	3	3	3	0.0011246204	0.0001344681	0	1000	ENSG00000112473
sparse_quant_SRR039623.graph	3375	7	8	3	4	2	2	2	2	0.0007810593	0.0000960827	0	1000	ENSG00000131174
sparse_quant_ERR204824.graph	5478	25	37	7	19	6	6	6	6	0.0102331638	0.0082569122	0	1000	ENSG00000221914
sparse_quant_SRR039632.graph	19327	15	16	3	4	2	2	2	2	0.0011103153	0.0000965595	0	1000	ENSG00000142166
sparse_quant_SRR1025493.graph	9935	10	12	4	6	2	2	2	2	0.0009846687	0.0001282692	0	1000	ENSG00000205423
sparse_quant_SRR037172.graph	11227	32	51	6	25	8	8	8	8	1.1362566948	1.1144616604	0	1000	ENSG00000185787
sparse_quant_SRR1026946.graph	6667	14	16	3	5	3	3	3	3	0.0011823177	0.0001697540	0	1000	ENSG00000010818
sparse_quant_DRR023392.graph	1783	35	46	7	18	6	6	6	6	0.0104000568	0.0079519749	0	1000	ENSG00000135968
sparse_quant_DRR028555.graph	1009	21	25	4	8	3	3	3	3	0.0015180111	0.0002384186	0	1000	ENSG00000138398
sparse_quant_ERR732457.graph	1005	27	39	5	17	6	6	6	6	0.0297071934	0.0273041725	0	1000	ENSG00000163468
sparse_quant_ERR204866.graph	4056	7	7	2	2	2	2	2	2	0.0007083416	0.0000669956	0	1000	ENSG00000137404
sparse_quant_SRR1017168.graph	13014	7	8	3	4	2	2	2	2	0.0008099079	0.0000953674	0	1000	ENSG00000213024
sparse_quant_ERR188143.graph	2084	37	60	11	34	8	8	8	8	1.0605983734	1.0470416546	0	1000	ENSG00000144591
sparse_quant_SRR020735.graph	3680	31	43	6	18	6	6	6	6	0.0125219822	0.0103816986	0	1000	ENSG00000114439
sparse_quant_SRR094186.graph	5435	12	13	3	4	2	2	2	2	0.0010015965	0.0000967979	0	1000	ENSG00000164494
sparse_quant_SRR094186.graph	2235	47	52	5	10	3	3	3	3	0.0025737286	0.0002789497	0	1000	ENSG00000136731
sparse_quant_SRR032121.graph	4008	19	20	3	4	2	2	2	2	0.0012037754	0.0001010895	0	1000	ENSG00000125388
sparse_quant_SRR094182.graph	3835	12	16	4	8	3	3	3	3	0.0012199879	0.0002453327	0	1000	ENSG00000129128
sparse_quant_ERR315453.graph	9714	29	45	7	23	8	8	8	8	0.5938327312	0.5781729221	0	1000	ENSG00000126746
sparse_quant_SRR066431.graph	17672	12	13	3	4	2	2	2	2	0.0009918213	0.0000967979	0	1000	ENSG00000099910
sparse_quant_ERR315467.graph	8123	43	56	9	22	7	7	7	7	0.0588221550	0.0547602177	0	1000	ENSG00000165458
sparse_quant_ERR205007.graph	337	19	24	5	10	3	3	3	3	0.0015451908	0.0003082752	0	1000	ENSG00000196182
sparse_quant_DRR023452.graph	9875	15	19	4	8	3	3	3	3	0.0013256073	0.0002031326	0	1000	ENSG00000075131
sparse_quant_SRR023854.graph	7571	20	26	5	11	4	4	4	4	0.0021939278	0.0007827282	0	1000	ENSG00000146826
sparse_quant_DRR023491.graph	4730	15	16	3	4	2	2	2	2	0.0010597706	0.0000951290	0	1000	ENSG00000106266
sparse_quant_ERR204866.graph	9041	12	17	4	9	3	3	3	3	0.0012867451	0.0002474785	0	1000	ENSG00000165949
sparse_quant_ERR053947.graph	2580	16	21	5	10	3	3	3	3	0.0014271736	0.0002331734	0	1000	ENSG00000220804
sparse_quant_SRR077868.graph	3815	10	12	4	6	2	2	2	2	0.0009491444	0.0001258850	0	1000	ENSG00000109220
sparse_quant_SRR1026888.graph	9855	19	30	8	19	5	5	5	5	0.0035552979	0.0018110275	0	1000	ENSG00000245532
sparse_quant_SRR037178.graph	15817	10	12	4	6	2	2	2	2	0.0009930134	0.0001349449	0	1000	ENSG00000100906
sparse_quant_ERR532551.graph	4413	8	9	3	4	2	2	2	2	0.0008177757	0.0000944138	0	1000	ENSG00000070193
sparse_quant_ERR598796.graph	3562	10	12	4	6	2	2	2	2	0.0009717941	0.0001313686	0	1000	ENSG00000170561
sparse_quant_DRR023452.graph	452	7	8	3	4	2	2	2	2	0.0007739067	0.0000936985	0	1000	ENSG00000123080
sparse_quant_DRR023685.graph	8694	20	22	4	6	2	2	2	2	0.0013427734	0.0001282692	0	1000	ENSG00000136098
sparse_quant_DRR028170.graph	1554	11	15	4	8	3	3	3	3	0.0011570454	0.0002040863	0	1000	ENSG00000144827
sparse_quant_DRR023522.graph	5111	15	19	4	8	3	3	3	3	0.0013206005	0.0002057552	0	1000	ENSG00000222011
sparse_quant_DRR023586.graph	7846	17	19	4	6	2	2	2	2	0.0012278557	0.0001275539	0	1000	ENSG00000107745
sparse_quant_SRR031633.graph	11118	9	12	4	7	3	3	3	3	0.0010859966	0.0002100468	0	1000	ENSG00000153443
sparse_quant_DRR023671.graph	7570	19	28	6	15	5	5	5	5	0.0033423901	0.0018284321	0	1000	ENSG00000150316
sparse_quant_SRR1004302.graph	7564	16	18	3	5	3	3	3	3	0.0012531281	0.0001466274	0	1000	ENSG00000125354
sparse_quant_SRR031908.graph	2022	21	23	4	6	2	2	2	2	0.0013427734	0.0001251698	0	1000	ENSG00000076003
sparse_quant_ERR342871.graph	11866	29	39	6	16	5	5	5	5	0.0036635399	0.0017249584	0	1000	ENSG00000157637
sparse_quant_ERR532550.graph	10782	13	19	5	11	4	4	4	4	0.0019679070	0.0007781982	0	1000	ENSG00000140153
sparse_quant_ERR266335.graph	5132	22	33	5	16	6	6	6	6	0.0119488239	0.0100395679	0	1000	ENSG00000146701
sparse_quant_ERR310212.graph	11106	10	12	4	6	2	2	2	2	0.0009901524	0.0001327991	0	1000	ENSG00000125812
sparse_quant_SRR1024048.graph	7062	15	22	4	11	4	4	4	4	0.0018312931	0.0005741119	0	1000	ENSG00000135374
sparse_quant_SRR031867.graph	2310	23	28	5	10	3	3	3	3	0.0016777515	0.0002768040	0	1000	ENSG00000163161
sparse_quant_ERR412879.graph	6770	9	10	3	4	2	2	2	2	0.0008754730	0.0000963211	0	1000	ENSG00000136810
sparse_quant_ERR205005.graph	1141	27	30	4	7	3	3	3	3	0.0018060207	0.0002441406	0	1000	ENSG00000162909
sparse_quant_SRR020735.graph	14718	6	7	3	4	2	2	2	2	0.0007750988	0.0000970364	0	1000	ENSG00000169957
sparse_quant_SRR1015680.graph	745	12	13	3	4	2	2	2	2	0.0009441376	0.0000956059	0	1000	ENSG00000033122
sparse_quant_DRR023371.graph	8685	15	16	3	4	2	2	2	2	0.0011003017	0.0000987053	0	1000	ENSG00000120820
sparse_quant_ERR188165.graph	6956	8	10	4	6	2	2	2	2	0.0008854866	0.0001327991	0	1000	ENSG00000166002
sparse_quant_SRR052658.graph	1897	13	13	2	2	2	2	2	2	0.0009315014	0.0000612736	0	1000	ENSG00000164073
sparse_quant_DRR006388.graph	505	16	23	5	12	4	4	4	4	0.0018482208	0.0005581379	0	1000	ENSG00000143119
sparse_quant_ERR405363.graph	2771	19	23	4	8	3	3	3	3	0.0014514923	0.0002036095	0	1000	ENSG00000168228
sparse_quant_SRR037175.graph	2753	23	27	5	9	3	3	3	3	0.0016510487	0.0002722740	0	1000	ENSG00000076242
sparse_quant_ERR315495.graph	5795	18	22	5	9	3	3	3	3	0.0014805794	0.0003066063	0	1000	ENSG00000106069
sparse_quant_ERR315465.graph	8391	26	31	5	10	3	3	3	3	0.0018649101	0.0003075600	0	1000	ENSG00000148358
sparse_quant_SRR094903.graph	3204	27	31	4	8	3	3	3	3	0.0017461777	0.0002400875	0	1000	ENSG00000196455
sparse_quant_DRR028580.graph	50	38	39	3	4	2	2	2	2	0.0024168491	0.0000948906	0	1000	ENSG00000075151
sparse_quant_SRR020735.graph	15158	15	21	5	11	4	4	4	4	0.0017347336	0.0004839897	0	1000	ENSG00000131165
sparse_quant_ERR188459.graph	5163	7	8	3	4	2	2	2	2	0.0007858276	0.0000963211	0	1000	ENSG00000160131
sparse_quant_SRR094184.graph	137	36	43	6	13	4	4	4	4	0.0025358200	0.0005059242	0	1000	ENSG00000130939
sparse_quant_DRR001626.graph	9150	17	24	5	12	4	4	4	4	0.0019831657	0.0006260872	0	1000	ENSG00000183715
sparse_quant_SRR018262.graph	11441	21	22	3	4	2	2	2	2	0.0013122559	0.0000972748	0	1000	ENSG00000104953
sparse_quant_SRR031628.graph	9424	7	8	3	4	2	2	2	2	0.0008018017	0.0000960827	0	1000	ENSG00000276045
sparse_quant_ERR266335.graph	8002	40	55	11	26	6	6	6	6	0.0217571259	0.0188603401	0	1000	ENSG00000171988
sparse_quant_ERR205002.graph	3068	11	13	4	6	2	2	2	2	0.0009903908	0.0001277924	0	1000	ENSG00000118816
sparse_quant_DRR028215.graph	2451	15	17	4	6	2	2	2	2	0.0011920929	0.0001280308	0	1000	ENSG00000112305
sparse_quant_ERR351370.graph	13825	13	18	4	9	4	4	4	4	0.0019242764	0.0007560253	0	1000	ENSG00000135390
sparse_quant_SRR039628.graph	5479	25	41	6	22	8	8	8	8	2.8027820587	2.7617583275	0	1000	ENSG00000019582
sparse_quant_ERR637533.graph	4334	14	19	5	10	3	3	3	3	0.0013816357	0.0002691746	0	1000	ENSG00000113272
sparse_quant_SRR090589.graph	8923	17	22	4	9	4	4	4	4	0.0019364357	0.0006787777	0	1000	ENSG00000121236
sparse_quant_DRR023694.graph	9618	12	16	4	8	3	3	3	3	0.0012311935	0.0002064705	0	1000	ENSG00000117899
sparse_quant_ERR188157.graph	11970	12	16	4	8	3	3	3	3	0.0012955666	0.0002489090	0	1000	ENSG00000100211
sparse_quant_DRR001624.graph	6196	22	23	3	4	2	2	2	2	0.0013217926	0.0000946522	0	1000	ENSG00000005469
sparse_quant_ERR637530.graph	9093	5	6	3	4	2	2	2	2	0.0007181168	0.0000987053	0	1000	ENSG00000188613
sparse_quant_ERR188330.graph	11543	9	11	4	6	2	2	2	2	0.0009586811	0.0001277924	0	1000	ENSG00000142528
sparse_quant_DRR023640.graph	194	15	17	4	6	2	2	2	2	0.0011246204	0.0001258850	0	1000	ENSG00000011009
sparse_quant_DRR023448.graph	4092	21	34	5	18	6	6	6	6	0.0309190750	0.0288240910	0	1000	ENSG00000122203
sparse_quant_SRR1025494.graph	5442	14	18	4	8	3	3	3	3	0.0012857914	0.0002038479	0	1000	ENSG00000225470
sparse_quant_SRR031629.graph	4800	16	21	5	10	4	4	4	4	0.0019829273	0.0007319450	0	1000	ENSG00000137221
sparse_quant_SRR037707.graph	256	12	14	4	6	2	2	2	2	0.0016982555	0.0002353191	0	1000	ENSG00000143119
sparse_quant_ERR532435.graph	968	45	54	9	18	3	3	3	3	0.0028061867	0.0005862713	0	1000	ENSG00000268043
sparse_quant_ERR315467.graph	7012	12	17	4	9	3	3	3	3	0.0012612343	0.0002369881	0	1000	ENSG00000147789
sparse_quant_ERR204848.graph	11060	22	24	4	6	2	2	2	2	0.0014214516	0.0001273155	0	1000	ENSG00000076924
sparse_quant_ERR315469.graph	27	34	42	7	15	4	4	4	4	0.0032725334	0.0007619858	0	1000	ENSG00000131584
sparse_quant_SRR018258.graph	11919	16	23	6	13	4	4	4	4	0.0023286343	0.0010626316	0	1000	ENSG00000108622
sparse_quant_SRR037173.graph	16887	13	17	5	9	3	3	3	3	0.0013084412	0.0002017021	0	1000	ENSG00000198046
sparse_quant_SRR1017153.graph	9291	17	22	5	10	3	3	3	3	0.0015110970	0.0003104210	0	1000	ENSG00000074410
sparse_quant_ERR188203.graph	8085	14	18	4	8	3	3	3	3	0.0013077259	0.0002083778	0	1000	ENSG00000050130
sparse_quant_SRR066469.graph	15460	10	12	4	6	2	2	2	2	0.0009839535	0.0001266003	0	1000	ENSG00000109099
sparse_quant_SRR052662.graph	4049	19	27	4	12	5	5	5	5	0.0039522648	0.0024728775	0	1000	ENSG00000146457
sparse_quant_SRR037192.graph	15713	14	15	3	4	2	2	2	2	0.0010538101	0.0000939369	0	1000	ENSG00000067798
sparse_quant_DRR023399.graph	12040	8	9	3	4	2	2	2	2	0.0008647442	0.0000977516	0	1000	ENSG00000101363
sparse_quant_ERR188151.graph	2997	32	38	6	12	3	3	3	3	0.0021209717	0.0003795624	0	1000	ENSG00000138802
sparse_quant_ERR315466.graph	241	10	12	4	6	2	2	2	2	0.0013718605	0.0001926422	0	1000	ENSG00000198492
sparse_quant_DRR028597.graph	49	14	16	4	6	2	2	2	2	0.0022540092	0.0002584457	0	1000	ENSG00000077549
sparse_quant_ERR637539.graph	1594	14	20	3	9	6	6	6	6	0.0146315098	0.0132555962	0	1000	ENSG00000232973
sparse_quant_SRR020735.graph	16428	19	27	5	13	5	5	5	5	0.0028448105	0.0013377666	0	1000	ENSG00000178127
sparse_quant_ERR315374.graph	2348	21	35	8	22	7	6	7	7	8.4365222454	0.2495539188	0	1000	ENSG00000197756
sparse_quant_SRR1026944.graph	13378	15	22	5	12	4	4	4	4	0.0019495487	0.0006473064	0	1000	ENSG00000131981
sparse_quant_ERR732459.graph	72	18	18	2	2	2	2	2	2	0.0020055771	0.0001118183	0	1000	ENSG00000130762
sparse_quant_SRR031963.graph	9687	17	20	3	6	3	3	3	3	0.0013427734	0.0001752377	0	1000	ENSG00000157837
sparse_quant_DRR028147.graph	5400	8	10	3	5	3	3	3	3	0.0009374619	0.0001387596	0	1000	ENSG00000111775
sparse_quant_DRR023497.graph	8336	39	53	6	20	8	8	8	8	0.5140049458	0.5029592514	0	1000	ENSG00000152556
sparse_quant_SRR1025671.graph	4623	34	47	12	25	3	3	3	3	0.0028145313	0.0006184578	0	1000	ENSG00000182487
sparse_quant_ERR532593.graph	2038	12	14	4	6	2	2	2	2	0.0010421276	0.0001287460	0	1000	ENSG00000059728
sparse_quant_ERR532548.graph	11196	15	20	5	10	3	3	3	3	0.0014436245	0.0003108978	0	1000	ENSG00000171763
sparse_quant_SRR077867.graph	11343	22	25	4	7	3	3	3	3	0.0015413761	0.0001769066	0	1000	ENSG00000185164
sparse_quant_SRR031628.graph	1737	9	10	3	4	2	2	2	2	0.0008497238	0.0000948906	0	1000	ENSG00000116005
sparse_quant_DRR028533.graph	635	11	12	3	4	2	2	2	2	0.0009217262	0.0000958443	0	1000	ENSG00000143633
sparse_quant_ERR035533.graph	1294	30	44	8	22	6	6	6	6	0.0134420395	0.0112783909	0	1000	ENSG00000143258
sparse_quant_ERR188154.graph	8744	30	50	6	26	8	8	8	8	2.4728267193	2.4340939522	0	1000	ENSG00000140374
sparse_quant_SRR094181.graph	3506	46	53	5	12	4	4	4	4	0.0030355453	0.0006716251	0	1000	ENSG00000157796
sparse_quant_SRR020291.graph	1663	11	15	4	8	3	3	3	3	0.0011508465	0.0002019405	0	1000	ENSG00000239779
sparse_quant_ERR342838.graph	10826	51	57	5	11	4	4	4	4	0.0029931068	0.0004045963	0	1000	ENSG00000166147
sparse_quant_SRR061729.graph	2220	14	16	4	6	2	2	2	2	0.0011782646	0.0001351833	0	1000	ENSG00000128694
sparse_quant_ERR922709.graph	7581	25	38	6	19	6	6	6	6	0.0179722309	0.0157740116	0	1000	ENSG00000149100
sparse_quant_ERR053947.graph	3723	21	26	5	10	3	3	3	3	0.0016379356	0.0002758503	0	1000	ENSG00000189308
sparse_quant_DRR023586.graph	8288	20	21	3	4	2	2	2	2	0.0012640953	0.0000975132	0	1000	ENSG00000064102
sparse_quant_ERR329502.graph	3547	21	28	5	12	5	5	5	5	0.0028481483	0.0013103485	0	1000	ENSG00000113593
sparse_quant_ERR266333.graph	14625	10	11	3	4	2	2	2	2	0.0009133816	0.0001032352	0	1000	ENSG00000197016
sparse_quant_SRR067368.graph	292	103	106	4	7	3	3	3	3	0.0044577122	0.0001697540	0	1000	ENSG00000142798
sparse_quant_ERR305905.graph	12302	10	13	3	6	3	3	3	3	0.0010828972	0.0001714230	0	1000	ENSG00000130165
sparse_quant_ERR315390.graph	716	28	39	7	18	5	5	5	5	0.0055527687	0.0036392212	0	1000	ENSG00000143033
sparse_quant_DRR006475.graph	7490	28	38	5	15	6	6	6	6	0.0108642578	0.0088667870	0	1000	ENSG00000136877
sparse_quant_DRR023640.graph	9467	17	19	4	6	2	2	2	2	0.0012187958	0.0001296997	0	1000	ENSG00000066455
sparse_quant_SRR031949.graph	6649	23	33	6	16	5	5	5	5	0.0047662258	0.0030467510	0	1000	ENSG00000091732
sparse_quant_SRR018260.graph	12867	18	25	7	14	4	4	4	4	0.0020906925	0.0007166862	0	1000	ENSG00000160201
sparse_quant_ERR205000.graph	9073	11	12	3	4	2	2	2	2	0.0009524822	0.0000963211	0	1000	ENSG00000169217
sparse_quant_SRR031962.graph	7270	12	16	4	8	3	3	3	3	0.0012404919	0.0002069473	0	1000	ENSG00000107223
sparse_quant_SRR1004319.graph	1004	29	29	2	2	2	2	2	2	0.0014781952	0.0000619888	0	1000	ENSG00000270629
sparse_quant_SRR094189.graph	1964	22	29	6	13	3	3	3	3	0.0017881393	0.0003709793	0	1000	ENSG00000115282
sparse_quant_ERR412876.graph	10886	15	23	6	14	4	4	4	4	0.0021057129	0.0007455349	0	1000	ENSG00000135722
sparse_quant_SRR1004309.graph	15260	18	20	4	6	2	2	2	2	0.0012934208	0.0001335144	0	1000	ENSG00000132003
sparse_quant_SRR018262.graph	7968	18	20	4	6	2	2	2	2	0.0012564659	0.0001306534	0	1000	ENSG00000170515
sparse_quant_ERR188197.graph	376	26	33	5	12	5	5	5	5	0.0047848225	0.0030827522	0	1000	ENSG00000132781
sparse_quant_ERR188263.graph	7208	29	44	7	22	7	7	7	7	0.2502932549	0.2439155579	0	1000	ENSG00000134283
sparse_quant_DRR028552.graph	495	35	38	5	8	2	2	2	2	0.0021748543	0.0001811981	0	1000	ENSG00000134369
sparse_quant_SRR1014762.graph	7503	10	12	4	6	2	2	2	2	0.0009715557	0.0001330376	0	1000	ENSG00000136840
sparse_quant_DRR028532.graph	2479	18	26	6	14	4	4	4	4	0.0021545887	0.0007534027	0	1000	ENSG00000102317
sparse_quant_SRR1025489.graph	10448	9	11	4	6	2	2	2	2	0.0009808540	0.0001308918	0	1000	ENSG00000168591
sparse_quant_DRR028597.graph	3760	20	25	5	10	3	3	3	3	0.0015943050	0.0002686977	0	1000	ENSG00000030582
sparse_quant_DRR028464.graph	3362	19	22	5	8	2	2	2	2	0.0013604164	0.0001552105	0	1000	ENSG00000175305
sparse_quant_DRR006396.graph	2733	7	8	3	4	2	2	2	2	0.0008077621	0.0000960827	0	1000	ENSG00000250317
sparse_quant_ERR579131.graph	10200	22	27	5	10	3	3	3	3	0.0016834736	0.0003085136	0	1000	ENSG00000161813
sparse_quant_ERR204914.graph	6774	15	17	4	6	2	2	2	2	0.0017189980	0.0001838207	0	1000	ENSG00000160703
sparse_quant_ERR188155.graph	9196	22	24	4	6	2	2	2	2	0.0014257431	0.0001363754	0	1000	ENSG00000141076
sparse_quant_DRR001627.graph	2664	13	16	4	7	3	3	3	3	0.0012567043	0.0002446175	0	1000	ENSG00000176946
sparse_quant_SRR032273.graph	10158	20	25	6	11	3	3	3	3	0.0016155243	0.0002279282	0	1000	ENSG00000165487
sparse_quant_SRR018262.graph	12484	18	23	5	10	3	3	3	3	0.0015265942	0.0002770424	0	1000	ENSG00000100266
sparse_quant_ERR315462.graph	2184	21	22	3	4	2	2	2	2	0.0012767315	0.0000965595	0	1000	ENSG00000169967
sparse_quant_ERR188132.graph	9563	30	30	2	2	2	2	2	2	0.0015769005	0.0000631809	0	1000	ENSG00000141736
sparse_quant_SRR077869.graph	5573	20	23	4	7	3	3	3	3	0.0014610291	0.0001707077	0	1000	ENSG00000164754
sparse_quant_SRR031903.graph	9895	15	17	4	6	2	2	2	2	0.0011854172	0.0001287460	0	1000	ENSG00000111450
sparse_quant_DRR023620.graph	7502	16	20	5	9	3	3	3	3	0.0020720959	0.0003020763	0	1000	ENSG00000214530
sparse_quant_DRR023372.graph	8607	13	15	4	6	2	2	2	2	0.0010833740	0.0001266003	0	1000	ENSG00000182050
sparse_quant_ERR266331.graph	8121	21	29	4	12	5	5	5	5	0.0040738583	0.0025722980	0	1000	ENSG00000147475
sparse_quant_DRR023556.graph	8544	10	13	3	6	3	3	3	3	0.0010807514	0.0001797676	0	1000	ENSG00000151135
sparse_quant_ERR329503.graph	264	15	17	4	6	2	2	2	2	0.0011274815	0.0001251698	0	1000	ENSG00000162419
sparse_quant_SRR039630.graph	6166	25	34	6	15	5	5	5	5	0.0048332214	0.0030670166	0	1000	ENSG00000112759
sparse_quant_DRR009278.graph	4090	18	24	4	10	4	4	4	4	0.0017817020	0.0004162788	0	1000	ENSG00000181163
sparse_quant_SRR020731.graph	8790	7	9	4	6	2	2	2	2	0.0008625984	0.0001270771	0	1000	ENSG00000136213
sparse_quant_ERR380553.graph	6230	19	21	4	6	2	2	2	2	0.0012955666	0.0001266003	0	1000	ENSG00000136875
sparse_quant_DRR009582.graph	7166	50	53	3	6	3	3	3	3	0.0025107861	0.0001704693	0	1000	ENSG00000204291
sparse_quant_ERR188338.graph	3130	32	38	6	12	3	3	3	3	0.0022101402	0.0003852844	0	1000	ENSG00000138802
sparse_quant_ERR188155.graph	1999	20	26	6	12	3	3	3	3	0.0016889572	0.0003373623	0	1000	ENSG00000142330
sparse_quant_ERR412879.graph	8808	28	37	6	15	5	5	5	5	0.0033228397	0.0014250278	0	1000	ENSG00000111530
sparse_quant_DRR028312.graph	356	24	29	5	10	3	3	3	3	0.0018975735	0.0003330708	0	1000	ENSG00000134202
sparse_quant_ERR532441.graph	8755	7	9	4	6	2	2	2	2	0.0008997917	0.0001287460	0	1000	ENSG00000223953
sparse_quant_SRR1002088.graph	6918	22	23	3	4	2	2	2	2	0.0013301373	0.0000965595	0	1000	ENSG00000157741
sparse_quant_SRR037186.graph	11440	22	27	5	10	3	3	3	3	0.0016808510	0.0003025532	0	1000	ENSG00000006530
sparse_quant_ERR380553.graph	8209	11	13	4	6	2	2	2	2	0.0010151863	0.0001296997	0	1000	ENSG00000110906
sparse_quant_ERR380551.graph	985	30	44	8	22	6	6	6	6	0.0136306286	0.0112094879	0	1000	ENSG00000143258
sparse_quant_ERR204849.graph	12110	19	27	6	14	5	4	4	5	0.6297950745	0.0047414303	0	1000	ENSG00000120784
sparse_quant_ERR188127.graph	9018	11	13	4	6	2	2	2	2	0.0010247231	0.0001275539	0	1000	ENSG00000070761
sparse_quant_SRR1026921.graph	4598	12	16	4	8	3	3	3	3	0.0012104511	0.0002052784	0	1000	ENSG00000164323
sparse_quant_SRR1025510.graph	2544	19	24	5	10	3	3	3	3	0.0015914440	0.0003070831	0	1000	ENSG00000240682
sparse_quant_ERR188330.graph	10744	14	20	4	10	4	4	4	4	0.0018830299	0.0006742477	0	1000	ENSG00000124164
sparse_quant_ERR266336.graph	4889	10	13	4	7	3	3	3	3	0.0010766983	0.0001697540	0	1000	ENSG00000164576
