sparse_quant_DRR023671.graph	7570	19	28	6	15	5	5	5	5	0.0031611919	0.0018193722	0	1	ENSG00000150316
sparse_quant_DRR028555.graph	1009	21	25	4	8	3	3	3	3	0.0014052391	0.0002288818	0	1	ENSG00000138398
sparse_quant_ERR732459.graph	72	18	18	2	2	2	2	2	2	0.0009596348	0.0000550747	0	1	ENSG00000130762
sparse_quant_SRR1002085.graph	4878	38	47	6	15	5	5	5	5	0.0038747787	0.0017721653	0	1	ENSG00000039123
sparse_quant_SRR094903.graph	1781	12	18	4	10	4	4	4	4	0.0015041828	0.0005540848	0	1	ENSG00000138061
sparse_quant_SRR094903.graph	3204	27	31	4	8	3	3	3	3	0.0015845299	0.0002341270	0	1	ENSG00000196455
sparse_quant_SRR094903.graph	4125	22	36	8	22	6	6	6	6	0.0136137009	0.0116627216	0	1	ENSG00000145592
sparse_quant_ERR188164.graph	7557	8	9	3	4	2	2	2	2	0.0006806850	0.0000858307	0	1	ENSG00000255857
sparse_quant_SRR090589.graph	5326	41	42	3	4	2	2	2	2	0.0019366741	0.0000848770	0	1	ENSG00000079691
sparse_quant_SRR090589.graph	8923	17	22	4	9	4	4	4	4	0.0017547607	0.0006561279	0	1	ENSG00000121236
sparse_quant_SRR020290.graph	6305	29	30	3	4	2	2	2	2	0.0015571117	0.0000867844	0	1	ENSG00000198887
sparse_quant_ERR315448.graph	3558	25	40	8	23	7	7	7	7	0.0598278046	0.0575108528	0	1	ENSG00000214160
sparse_quant_ERR188142.graph	2975	19	21	4	6	2	2	2	2	0.0011479855	0.0001158714	0	1	ENSG00000118762
sparse_quant_ERR188142.graph	3818	19	28	6	15	5	5	5	5	0.0045528412	0.0031688213	0	1	ENSG00000112763
sparse_quant_SRR1024130.graph	3628	22	28	5	11	4	4	4	4	0.0017812252	0.0004262924	0	1	ENSG00000049860
sparse_quant_SRR037707.graph	256	12	14	4	6	2	2	2	2	0.0008749962	0.0001158714	0	1	ENSG00000143119
sparse_quant_SRR1026944.graph	13378	15	22	5	12	4	4	4	4	0.0018792152	0.0006206036	0	1	ENSG00000131981
sparse_quant_ERR188026.graph	12171	7	8	3	4	2	2	2	2	0.0006258488	0.0000867844	0	1	ENSG00000226328
sparse_quant_DRR023377.graph	3438	14	17	3	6	3	3	3	3	0.0010535717	0.0001630783	0	1	ENSG00000145414
sparse_quant_ERR405363.graph	2771	19	23	4	8	3	3	3	3	0.0013203621	0.0001916885	0	1	ENSG00000168228
sparse_quant_ERR205023.graph	4496	25	30	6	11	3	3	3	3	0.0017924309	0.0003659725	0	1	ENSG00000006576
sparse_quant_ERR188266.graph	1696	11	12	3	4	2	2	2	2	0.0007858276	0.0000863075	0	1	ENSG00000155438
sparse_quant_ERR188266.graph	4125	26	32	5	11	4	4	4	4	0.0018608570	0.0003888607	0	1	ENSG00000002822
sparse_quant_ERR188266.graph	5065	10	11	3	4	2	2	2	2	0.0007300377	0.0000920296	0	1	ENSG00000275342
sparse_quant_ERR188459.graph	5163	7	8	3	4	2	2	2	2	0.0006361008	0.0000877380	0	1	ENSG00000160131
sparse_quant_DRR006380.graph	5386	14	17	5	8	2	2	2	2	0.0010166168	0.0001454353	0	1	ENSG00000134291
sparse_quant_SRR031628.graph	1737	9	10	3	4	2	2	2	2	0.0007131100	0.0000863075	0	1	ENSG00000116005
sparse_quant_SRR031628.graph	9424	7	8	3	4	2	2	2	2	0.0006346703	0.0000874996	0	1	ENSG00000276045
sparse_quant_SRR031628.graph	10305	11	12	3	4	2	2	2	2	0.0007743835	0.0000863075	0	1	ENSG00000166068
sparse_quant_SRR031628.graph	10620	10	12	3	5	3	3	3	3	0.0008697510	0.0001587868	0	1	ENSG00000117899
sparse_quant_ERR188482.graph	3360	33	38	6	11	3	3	3	3	0.0021383762	0.0003626347	0	1	ENSG00000145715
sparse_quant_ERR315478.graph	3093	12	14	4	6	2	2	2	2	0.0008714199	0.0001170635	0	1	ENSG00000163634
sparse_quant_SRR037186.graph	11440	22	27	5	10	3	3	3	3	0.0015611649	0.0004363060	0	1	ENSG00000006530
sparse_quant_ERR315468.graph	4477	39	56	9	26	8	8	8	8	0.4757595062	0.4549369812	0	1	ENSG00000112992
sparse_quant_SRR061728.graph	7215	15	17	4	6	2	2	2	2	0.0009908676	0.0001215935	0	1	ENSG00000148090
sparse_quant_SRR032245.graph	10141	18	21	5	8	2	2	2	2	0.0011913776	0.0001454353	0	1	ENSG00000165516
sparse_quant_SRR032245.graph	10291	18	21	4	7	3	3	3	3	0.0012640953	0.0002286434	0	1	ENSG00000165861
sparse_quant_SRR1025493.graph	9935	10	12	4	6	2	2	2	2	0.0008056164	0.0002400875	0	1	ENSG00000205423
sparse_quant_ERR208004.graph	8029	30	42	6	18	6	6	6	6	0.0148775578	0.0129425526	0	1	ENSG00000156170
sparse_quant_SRR1025494.graph	5442	14	18	4	8	3	3	3	3	0.0011219978	0.0001912117	0	1	ENSG00000225470
sparse_quant_ERR594513.graph	13135	23	33	6	16	5	5	5	5	0.0066766739	0.0051262379	0	1	ENSG00000103194
sparse_quant_ERR532441.graph	5622	12	12	2	2	2	2	2	2	0.0007534027	0.0000555515	0	1	ENSG00000122574
sparse_quant_ERR532441.graph	8755	7	9	4	6	2	2	2	2	0.0007004738	0.0001161098	0	1	ENSG00000223953
sparse_quant_DRR023522.graph	5111	15	19	4	8	3	3	3	3	0.0011422634	0.0001893044	0	1	ENSG00000222011
sparse_quant_DRR028312.graph	356	24	29	5	10	3	3	3	3	0.0015845299	0.0003044605	0	1	ENSG00000134202
sparse_quant_SRR031963.graph	2260	25	35	6	16	6	6	6	6	0.0096096992	0.0078170300	0	1	ENSG00000144381
sparse_quant_SRR031963.graph	9687	17	20	3	6	3	3	3	3	0.0011451244	0.0001590252	0	1	ENSG00000157837
sparse_quant_DRR006472.graph	1008	8	10	4	6	2	2	2	2	0.0007381439	0.0001175404	0	1	ENSG00000159388
sparse_quant_DRR006472.graph	5864	14	18	4	8	3	3	3	3	0.0011332035	0.0002279282	0	1	ENSG00000175567
sparse_quant_ERR188084.graph	2887	18	24	4	10	4	4	4	4	0.0017967224	0.0006434917	0	1	ENSG00000122068
sparse_quant_ERR412876.graph	52	21	31	6	16	5	5	5	5	0.0034680367	0.0019800663	0	1	ENSG00000189339
sparse_quant_ERR412876.graph	10886	15	23	6	14	4	4	4	4	0.0018765926	0.0007185936	0	1	ENSG00000135722
sparse_quant_SRR065533.graph	4887	20	21	3	4	2	2	2	2	0.0011053085	0.0000865459	0	1	ENSG00000135299
sparse_quant_ERR342838.graph	2542	21	25	5	9	3	3	3	3	0.0014309883	0.0002598763	0	1	ENSG00000131389
sparse_quant_ERR342838.graph	10826	51	57	5	11	4	4	4	4	0.0027856827	0.0003883839	0	1	ENSG00000166147
sparse_quant_ERR658218.graph	10282	24	33	7	16	4	4	4	4	0.0025434494	0.0010988712	0	1	ENSG00000119599
sparse_quant_SRR031867.graph	2310	23	28	5	10	3	3	3	3	0.0015423298	0.0002567768	0	1	ENSG00000163161
sparse_quant_DRR023448.graph	4092	21	34	5	18	6	6	6	6	0.0307044983	0.0287759304	0	1	ENSG00000122203
sparse_quant_ERR173260.graph	13417	8	9	3	4	2	2	2	2	0.0006811619	0.0000863075	0	1	ENSG00000125850
sparse_quant_SRR074899.graph	10420	22	26	6	10	2	2	2	2	0.0013980865	0.0001752377	0	1	ENSG00000171877
sparse_quant_ERR732456.graph	1860	20	27	5	12	4	4	4	4	0.0019125938	0.0006222725	0	1	ENSG00000115091
sparse_quant_DRR023540.graph	6933	18	24	5	11	3	3	3	3	0.0014128685	0.0002558231	0	1	ENSG00000109911
sparse_quant_ERR380551.graph	985	30	44	8	22	6	6	6	6	0.0133340359	0.0111525059	0	1	ENSG00000143258
sparse_quant_ERR380551.graph	7466	13	16	5	8	3	2	3	3	0.0013706684	0.0002968311	0	1	ENSG00000166321
sparse_quant_ERR315469.graph	27	34	42	7	15	4	4	4	4	0.0026798248	0.0007283688	0	1	ENSG00000131584
sparse_quant_ERR205007.graph	337	19	24	5	10	3	3	3	3	0.0014224052	0.0002939701	0	1	ENSG00000196182
sparse_quant_ERR205007.graph	671	6	7	3	4	2	2	2	2	0.0005962849	0.0000877380	0	1	ENSG00000197852
sparse_quant_SRR1004855.graph	6372	11	14	4	7	4	3	3	4	0.0044629574	0.0006644726	0	1	ENSG00000214026
sparse_quant_SRR1004855.graph	8118	32	45	9	22	5	5	5	5	0.0040533543	0.0018682480	0	1	ENSG00000089060
sparse_quant_DRR023492.graph	9038	14	17	3	6	3	3	3	3	0.0010616779	0.0001561642	0	1	ENSG00000139737
sparse_quant_DRR023694.graph	9618	12	16	4	8	3	3	3	3	0.0010404587	0.0001900196	0	1	ENSG00000117899
sparse_quant_DRR006475.graph	7490	28	38	5	15	6	6	6	6	0.0108170509	0.0089149475	0	1	ENSG00000136877
sparse_quant_ERR576282.graph	12517	46	53	6	13	4	4	4	4	0.0028815269	0.0004892349	0	1	ENSG00000128908
sparse_quant_SRR1023790.graph	7260	13	17	5	9	3	3	3	3	0.0011792183	0.0003020763	0	1	ENSG00000174903
sparse_quant_SRR1023790.graph	8032	18	26	6	14	4	4	4	4	0.0017859936	0.0005033016	0	1	ENSG00000165669
sparse_quant_DRR028598.graph	628	16	22	5	11	4	4	4	4	0.0017888546	0.0006549358	0	1	ENSG00000014641
sparse_quant_DRR023497.graph	8336	39	53	6	20	8	8	8	8	0.5165786743	0.5128290653	0	1	ENSG00000152556
sparse_quant_ERR188151.graph	2997	32	38	6	12	3	3	3	3	0.0019583702	0.0004625320	0	1	ENSG00000138802
sparse_quant_ERR532435.graph	968	45	54	9	18	3	3	3	3	0.0027306080	0.0005290508	0	1	ENSG00000268043
sparse_quant_ERR532435.graph	1031	13	19	3	9	5	5	5	5	0.0045187473	0.0034403801	0	1	ENSG00000143420
sparse_quant_ERR661162.graph	12613	7	9	4	6	2	2	2	2	0.0007064342	0.0001173019	0	1	ENSG00000239415
sparse_quant_ERR315398.graph	2975	7	8	3	4	2	2	2	2	0.0006225109	0.0000886917	0	1	ENSG00000138495
sparse_quant_DRR023640.graph	194	15	17	4	6	2	2	2	2	0.0009925365	0.0001156330	0	1	ENSG00000011009
sparse_quant_DRR023640.graph	9467	17	19	4	6	2	2	2	2	0.0010690689	0.0001161098	0	1	ENSG00000066455
sparse_quant_SRR018262.graph	4047	10	13	4	7	3	3	3	3	0.0009799004	0.0002367496	0	1	ENSG00000137288
sparse_quant_SRR018262.graph	7968	18	20	4	6	2	2	2	2	0.0011131763	0.0001163483	0	1	ENSG00000170515
sparse_quant_SRR018262.graph	11441	21	22	3	4	2	2	2	2	0.0012645721	0.0000879765	0	1	ENSG00000104953
sparse_quant_SRR018262.graph	12484	18	23	5	10	3	3	3	3	0.0013601780	0.0002648830	0	1	ENSG00000100266
sparse_quant_ERR204914.graph	6774	15	17	4	6	2	2	2	2	0.0009870529	0.0001161098	0	1	ENSG00000160703
sparse_quant_SRR073735.graph	7267	10	12	4	6	2	2	2	2	0.0008106232	0.0001170635	0	1	ENSG00000166352
sparse_quant_DRR023676.graph	5831	8	9	3	4	2	2	2	2	0.0006737709	0.0000934601	0	1	ENSG00000101888
sparse_quant_ERR204847.graph	7681	8	9	3	4	2	2	2	2	0.0010097027	0.0001256466	0	1	ENSG00000057704
sparse_quant_ERR204847.graph	8290	13	17	5	9	3	3	3	3	0.0011618137	0.0002958775	0	1	ENSG00000100526
sparse_quant_DRR028215.graph	2451	15	17	4	6	2	2	2	2	0.0009851456	0.0001165867	0	1	ENSG00000112305
sparse_quant_ERR380552.graph	6890	19	31	7	19	5	5	5	5	0.0055937767	0.0041329861	0	1	ENSG00000171067
sparse_quant_DRR028286.graph	1119	19	20	3	4	2	2	2	2	0.0010774136	0.0000860691	0	1	ENSG00000088205
sparse_quant_DRR028286.graph	4180	28	33	5	10	3	3	3	3	0.0017399788	0.0002608299	0	1	ENSG00000110756
sparse_quant_ERR576285.graph	16233	38	56	9	27	8	8	8	8	0.5726790428	0.5059483051	0	1	ENSG00000100325
sparse_quant_SRR1002088.graph	6918	22	23	3	4	2	2	2	2	0.0011668205	0.0000865459	0	1	ENSG00000157741
sparse_quant_ERR305905.graph	12302	10	13	3	6	3	3	3	3	0.0009071827	0.0001583099	0	1	ENSG00000130165
sparse_quant_DRR028513.graph	6945	16	17	3	4	2	2	2	2	0.0009710789	0.0000855923	0	1	ENSG00000141404
sparse_quant_DRR028512.graph	3320	12	14	4	6	2	2	2	2	0.0008933544	0.0001187325	0	1	ENSG00000120509
sparse_quant_ERR204841.graph	10701	23	27	5	9	3	3	3	3	0.0015180111	0.0003035069	0	1	ENSG00000125912
sparse_quant_ERR315467.graph	7012	12	17	4	9	3	3	3	3	0.0011005402	0.0002233982	0	1	ENSG00000147789
sparse_quant_ERR315467.graph	8123	43	56	9	22	7	7	7	7	0.0582165718	0.0543265343	0	1	ENSG00000165458
sparse_quant_ERR315467.graph	10757	15	20	5	10	3	3	3	3	0.0012845993	0.0003101826	0	1	ENSG00000171763
sparse_quant_ERR188311.graph	7201	23	32	6	15	5	5	5	5	0.0032815933	0.0017940998	0	1	ENSG00000010219
sparse_quant_SRR1002082.graph	14308	28	36	4	12	5	5	5	5	0.0033934116	0.0017669201	0	1	ENSG00000177575
sparse_quant_ERR035536.graph	3260	22	34	6	18	7	7	7	7	0.3855090141	0.3072431087	0	1	ENSG00000136603
sparse_quant_ERR188480.graph	9106	16	26	6	16	5	5	5	5	0.0038995743	0.0026438236	0	1	ENSG00000169609
sparse_quant_SRR094184.graph	137	36	43	6	13	4	4	4	4	0.0023980141	0.0004966259	0	1	ENSG00000130939
sparse_quant_SRR037178.graph	15817	10	12	4	6	2	2	2	2	0.0008056164	0.0001149178	0	1	ENSG00000100906
sparse_quant_SRR037178.graph	23208	44	66	14	36	7	7	7	7	0.0619966984	0.0577218533	0	1	ENSG00000100429
sparse_quant_ERR598796.graph	3562	10	12	4	6	2	2	2	2	0.0008161068	0.0001153946	0	1	ENSG00000170561
sparse_quant_DRR009277.graph	6143	12	14	4	6	2	2	2	2	0.0008723736	0.0001168251	0	1	ENSG00000127957
sparse_quant_SRR031946.graph	2635	20	28	4	12	5	5	5	5	0.0041437149	0.0028100014	0	1	ENSG00000125037
sparse_quant_SRR031946.graph	12275	27	34	4	11	5	5	5	5	0.0034646988	0.0018770695	0	1	ENSG00000141456
sparse_quant_DRR023390.graph	1452	27	37	6	16	5	5	5	5	0.0036811829	0.0019872189	0	1	ENSG00000115234
sparse_quant_SRR1025507.graph	11278	7	8	3	4	2	2	2	2	0.0006365776	0.0000879765	0	1	ENSG00000101443
sparse_quant_SRR031940.graph	5556	20	27	5	12	4	4	4	4	0.0018825531	0.0005934238	0	1	ENSG00000118503
sparse_quant_SRR1003820.graph	2104	27	28	3	4	2	2	2	2	0.0013539791	0.0000884533	0	1	ENSG00000138646
sparse_quant_ERR565156.graph	5905	17	18	3	4	2	2	2	2	0.0009996891	0.0000858307	0	1	ENSG00000103342
sparse_quant_ERR576287.graph	12503	9	11	4	6	2	2	2	2	0.0007965565	0.0001168251	0	1	ENSG00000104147
sparse_quant_ERR356369.graph	8332	26	43	10	27	7	7	7	7	0.2644906044	0.2572455406	0	1	ENSG00000134285
sparse_quant_ERR035533.graph	1294	30	44	8	22	6	6	6	6	0.0134499073	0.0111835003	0	1	ENSG00000143258
sparse_quant_SRR1025501.graph	5219	27	29	4	6	2	2	2	2	0.0014529228	0.0001158714	0	1	ENSG00000117868
sparse_quant_DRR028213.graph	5242	16	20	4	8	3	3	3	3	0.0012133121	0.0002348423	0	1	ENSG00000111666
sparse_quant_SRR1026926.graph	17540	12	17	5	10	3	3	3	3	0.0011661053	0.0003080368	0	1	ENSG00000205155
sparse_quant_ERR315390.graph	716	28	39	7	18	5	5	5	5	0.0053856373	0.0037534237	0	1	ENSG00000143033
sparse_quant_ERR315390.graph	3037	16	18	4	6	2	2	2	2	0.0010433197	0.0001161098	0	1	ENSG00000164087
sparse_quant_SRR1025510.graph	2544	19	24	5	10	3	3	3	3	0.0014011860	0.0002920628	0	1	ENSG00000240682
sparse_quant_SRR077867.graph	11343	22	25	4	7	3	3	3	3	0.0013575554	0.0001556873	0	1	ENSG00000185164
sparse_quant_ERR315374.graph	2348	21	35	8	22	7	6	7	7	0.2541723251	0.2472689152	0	1	ENSG00000197756
sparse_quant_ERR053947.graph	2580	16	21	5	10	3	3	3	3	0.0012760162	0.0002229214	0	1	ENSG00000220804
sparse_quant_ERR053947.graph	3723	21	26	5	10	3	3	3	3	0.0014810562	0.0002586842	0	1	ENSG00000189308
sparse_quant_SRR031969.graph	5602	19	24	4	9	3	3	3	3	0.0013554096	0.0002312660	0	1	ENSG00000006837
sparse_quant_SRR038446.graph	12210	8	9	3	4	2	2	2	2	0.0006730556	0.0000848770	0	1	ENSG00000103152
sparse_quant_DRR006471.graph	15206	28	41	9	22	7	6	7	7	0.1779136658	0.1726775169	0	1	ENSG00000101199
sparse_quant_SRR066469.graph	4175	20	24	5	9	3	3	3	3	0.0013511181	0.0001873970	0	1	ENSG00000180370
sparse_quant_SRR066469.graph	15460	10	12	4	6	2	2	2	2	0.0007936954	0.0001151562	0	1	ENSG00000109099
sparse_quant_SRR066469.graph	16754	6	7	3	4	2	2	2	2	0.0005931854	0.0000870228	0	1	ENSG00000179981
sparse_quant_SRR037181.graph	8731	26	41	7	22	7	7	7	7	0.0945889950	0.0909068584	0	1	ENSG00000172354
sparse_quant_SRR037181.graph	18639	22	23	3	4	2	2	2	2	0.0011775494	0.0000855923	0	1	ENSG00000170160
sparse_quant_SRR037181.graph	21440	7	9	4	6	2	2	2	2	0.0006942749	0.0001161098	0	1	ENSG00000178093
sparse_quant_ERR532436.graph	1939	15	19	4	8	3	3	3	3	0.0011842251	0.0002284050	0	1	ENSG00000014641
sparse_quant_ERR532436.graph	13114	23	24	3	4	2	2	2	2	0.0012135506	0.0000865459	0	1	ENSG00000070366
sparse_quant_DRR023459.graph	11827	20	26	5	11	4	4	4	4	0.0021495819	0.0008943081	0	1	ENSG00000149636
sparse_quant_SRR1004309.graph	8365	17	22	5	10	4	4	4	4	0.0016727448	0.0005631447	0	1	ENSG00000107281
sparse_quant_SRR1004309.graph	15260	18	20	4	6	2	2	2	2	0.0011005402	0.0001211166	0	1	ENSG00000132003
sparse_quant_SRR1004309.graph	16268	20	22	4	6	2	2	2	2	0.0011653900	0.0001182556	0	1	ENSG00000100029
sparse_quant_ERR205005.graph	1141	27	30	4	7	3	3	3	3	0.0015828609	0.0002250671	0	1	ENSG00000162909
sparse_quant_ERR205005.graph	5389	14	16	4	6	2	2	2	2	0.0009584427	0.0001163483	0	1	ENSG00000187735
sparse_quant_SRR052662.graph	4049	19	27	4	12	5	5	5	5	0.0037465096	0.0024111271	0	1	ENSG00000146457
sparse_quant_DRR028273.graph	4814	26	27	3	4	2	2	2	2	0.0013093948	0.0000863075	0	1	ENSG00000170456
sparse_quant_DRR028273.graph	5784	16	24	5	13	4	4	4	4	0.0021126270	0.0009703636	0	1	ENSG00000140612
sparse_quant_DRR028273.graph	7210	8	10	4	6	2	2	2	2	0.0007288456	0.0001165867	0	1	ENSG00000196417
sparse_quant_SRR1024048.graph	459	21	27	5	11	4	4	4	4	0.0017313957	0.0004169941	0	1	ENSG00000132128
sparse_quant_SRR1024048.graph	7062	15	22	4	11	4	4	4	4	0.0016489029	0.0005517006	0	1	ENSG00000135374
sparse_quant_DRR009582.graph	7166	50	53	3	6	3	3	3	3	0.0024468899	0.0001640320	0	1	ENSG00000204291
sparse_quant_DRR028297.graph	731	12	16	4	8	3	3	3	3	0.0010755062	0.0002303123	0	1	ENSG00000143771
sparse_quant_SRR1026887.graph	14195	24	33	6	15	5	5	5	5	0.0034277439	0.0019042492	0	1	ENSG00000103496
sparse_quant_SRR1025489.graph	10448	9	11	4	6	2	2	2	2	0.0007750988	0.0001163483	0	1	ENSG00000168591
sparse_quant_SRR037166.graph	3348	18	24	5	11	4	4	4	4	0.0016150475	0.0004305840	0	1	ENSG00000250588
sparse_quant_SRR094182.graph	3835	12	16	4	8	3	3	3	3	0.0010674000	0.0002272129	0	1	ENSG00000129128
sparse_quant_SRR094182.graph	11365	15	24	6	15	4	4	4	4	0.0019307137	0.0007753372	0	1	ENSG00000133393
sparse_quant_SRR094182.graph	14421	15	18	4	7	3	3	3	3	0.0010948181	0.0001549721	0	1	ENSG00000184058
sparse_quant_ERR188120.graph	10635	13	18	3	8	4	4	4	4	0.0014526844	0.0004925728	0	1	ENSG00000167083
sparse_quant_SRR058069.graph	8559	25	29	5	9	3	3	3	3	0.0015535355	0.0001943111	0	1	ENSG00000107651
sparse_quant_SRR031903.graph	9895	15	17	4	6	2	2	2	2	0.0009839535	0.0001151562	0	1	ENSG00000111450
sparse_quant_SRR1004308.graph	1666	19	30	7	18	5	5	5	5	0.0030882359	0.0016648769	0	1	ENSG00000145063
sparse_quant_SRR077868.graph	3815	10	12	4	6	2	2	2	2	0.0008106232	0.0001165867	0	1	ENSG00000109220
sparse_quant_ERR305906.graph	14270	18	27	6	15	4	4	4	4	0.0019905567	0.0007455349	0	1	ENSG00000185437
sparse_quant_ERR315466.graph	241	10	12	4	6	2	2	2	2	0.0008111000	0.0001173019	0	1	ENSG00000198492
sparse_quant_ERR315465.graph	8391	26	31	5	10	3	3	3	3	0.0016937256	0.0003023148	0	1	ENSG00000148358
sparse_quant_ERR173261.graph	8148	25	37	6	18	7	7	7	7	0.0595135689	0.0568473339	0	1	ENSG00000180773
sparse_quant_SRR094189.graph	1964	22	29	6	13	3	3	3	3	0.0016500950	0.0003643036	0	1	ENSG00000115282
sparse_quant_SRR1026882.graph	15265	8	9	3	4	2	2	2	2	0.0006809235	0.0000877380	0	1	ENSG00000189152
sparse_quant_ERR188059.graph	6761	39	46	7	14	3	3	3	3	0.0022847652	0.0003285408	0	1	ENSG00000166004
sparse_quant_ERR266335.graph	5132	22	33	5	16	6	6	6	6	0.0116984844	0.0100245476	0	1	ENSG00000146701
sparse_quant_ERR266335.graph	8002	40	55	11	26	6	6	6	6	0.0215015411	0.0187788010	0	1	ENSG00000171988
sparse_quant_SRR020730.graph	26294	14	18	4	8	3	3	3	3	0.0011429787	0.0002262592	0	1	ENSG00000186710
sparse_quant_ERR458841.graph	1138	16	17	3	4	2	2	2	2	0.0009684563	0.0000870228	0	1	ENSG00000115758
sparse_quant_ERR315470.graph	12783	32	38	6	12	4	4	4	4	0.0022232533	0.0004997253	0	1	ENSG00000090905
sparse_quant_SRR077869.graph	5573	20	23	4	7	3	3	3	3	0.0012876987	0.0001568794	0	1	ENSG00000164754
sparse_quant_SRR031925.graph	9755	7	9	4	6	2	2	2	2	0.0007040501	0.0001156330	0	1	ENSG00000134864
sparse_quant_SRR031908.graph	2022	21	23	4	6	2	2	2	2	0.0012047291	0.0001142025	0	1	ENSG00000076003
sparse_quant_ERR315464.graph	1303	10	11	3	4	2	2	2	2	0.0007381439	0.0000874996	0	1	ENSG00000116667
sparse_quant_ERR315464.graph	8627	6	6	2	2	2	2	2	2	0.0005254745	0.0000619888	0	1	ENSG00000110060
sparse_quant_ERR204844.graph	9496	12	16	4	8	3	3	3	3	0.0010552406	0.0001921654	0	1	ENSG00000167208
sparse_quant_DRR023645.graph	5932	9	11	4	6	2	2	2	2	0.0007636547	0.0001156330	0	1	ENSG00000126903
sparse_quant_DRR023645.graph	7219	10	12	4	6	2	2	2	2	0.0008099079	0.0001163483	0	1	ENSG00000156603
sparse_quant_DRR006385.graph	6509	14	17	5	8	2	2	2	2	0.0010294914	0.0001447201	0	1	ENSG00000172269
sparse_quant_ERR188155.graph	1999	20	26	6	12	3	3	3	3	0.0015420914	0.0003290176	0	1	ENSG00000142330
sparse_quant_ERR188155.graph	9196	22	24	4	6	2	2	2	2	0.0012552738	0.0001177788	0	1	ENSG00000141076
sparse_quant_SRR1003826.graph	3361	26	30	5	9	3	3	3	3	0.0016038418	0.0001876354	0	1	ENSG00000215301
sparse_quant_SRR1014762.graph	7503	10	12	4	6	2	2	2	2	0.0008132458	0.0001182556	0	1	ENSG00000136840
sparse_quant_ERR188149.graph	6508	12	15	3	6	3	3	3	3	0.0010099411	0.0001633167	0	1	ENSG00000049449
sparse_quant_ERR188149.graph	6839	22	26	4	8	3	3	3	3	0.0014231205	0.0002248287	0	1	ENSG00000198382
sparse_quant_ERR188143.graph	6992	20	24	4	8	3	3	3	3	0.0013599396	0.0003423691	0	1	ENSG00000159063
sparse_quant_ERR188143.graph	11697	33	42	7	16	4	4	4	4	0.0026013851	0.0007226467	0	1	ENSG00000129353
sparse_quant_SRR031923.graph	15494	16	21	4	9	4	4	4	4	0.0014555454	0.0003981590	0	1	ENSG00000100034
sparse_quant_SRR094186.graph	2235	47	52	5	10	3	3	3	3	0.0025539398	0.0002593994	0	1	ENSG00000136731
sparse_quant_SRR094186.graph	5435	12	13	3	4	2	2	2	2	0.0008168221	0.0000882149	0	1	ENSG00000164494
sparse_quant_SRR094186.graph	7335	17	23	6	12	3	3	3	3	0.0014157295	0.0003359318	0	1	ENSG00000104497
sparse_quant_DRR023520.graph	734	9	9	2	2	2	2	2	2	0.0006368160	0.0000553131	0	1	ENSG00000116815
sparse_quant_DRR023520.graph	12174	20	29	5	14	5	5	5	5	0.0048484802	0.0034291744	0	1	ENSG00000130479
sparse_quant_SRR037175.graph	2753	23	27	5	9	3	3	3	3	0.0014967918	0.0002596378	0	1	ENSG00000076242
sparse_quant_SRR037177.graph	10350	19	29	6	16	5	5	5	5	0.0033266544	0.0019211769	0	1	ENSG00000168300
sparse_quant_SRR066431.graph	17672	12	13	3	4	2	2	2	2	0.0008056164	0.0000872612	0	1	ENSG00000099910
sparse_quant_ERR658219.graph	389	22	23	3	4	2	2	2	2	0.0011787415	0.0000874996	0	1	ENSG00000134698
sparse_quant_ERR315495.graph	5795	18	22	5	9	3	3	3	3	0.0013401508	0.0003025532	0	1	ENSG00000106069
sparse_quant_DRR023494.graph	5313	11	16	4	9	3	3	3	3	0.0010743141	0.0002284050	0	1	ENSG00000133561
sparse_quant_DRR023399.graph	12040	8	9	3	4	2	2	2	2	0.0006697178	0.0000882149	0	1	ENSG00000101363
sparse_quant_DRR001629.graph	8420	13	17	4	8	3	3	3	3	0.0011024475	0.0002250671	0	1	ENSG00000165006
sparse_quant_DRR028552.graph	495	35	38	5	8	2	2	2	2	0.0017850399	0.0001480579	0	1	ENSG00000134369
sparse_quant_DRR001624.graph	6196	22	23	3	4	2	2	2	2	0.0011734962	0.0000863075	0	1	ENSG00000005469
sparse_quant_DRR001624.graph	9064	26	29	4	7	3	3	3	3	0.0014851093	0.0001618862	0	1	ENSG00000168014
sparse_quant_DRR001624.graph	16426	11	13	4	6	2	2	2	2	0.0008473396	0.0001173019	0	1	ENSG00000237037
sparse_quant_SRR1017157.graph	1210	18	21	5	8	2	2	2	2	0.0011920929	0.0001485348	0	1	ENSG00000117597
sparse_quant_SRR1026921.graph	4598	12	16	4	8	3	3	3	3	0.0010471344	0.0001900196	0	1	ENSG00000164323
sparse_quant_SRR1026921.graph	9174	17	18	3	4	2	2	2	2	0.0010085106	0.0000922680	0	1	ENSG00000129173
sparse_quant_ERR532446.graph	12996	19	22	5	8	2	2	2	2	0.0012173653	0.0001471043	0	1	ENSG00000151338
sparse_quant_ERR351370.graph	13825	13	18	4	9	4	4	4	4	0.0016975403	0.0007421970	0	1	ENSG00000135390
sparse_quant_ERR188132.graph	9563	30	30	2	2	2	2	2	2	0.0014314651	0.0000562668	0	1	ENSG00000141736
sparse_quant_SRR060169.graph	3750	15	16	3	4	2	2	2	2	0.0009231567	0.0000865459	0	1	ENSG00000182481
sparse_quant_ERR188152.graph	5902	11	13	4	6	2	2	2	2	0.0008542538	0.0001149178	0	1	ENSG00000120159
sparse_quant_SRR031629.graph	4800	16	21	5	10	4	4	4	4	0.0017976761	0.0007202625	0	1	ENSG00000137221
sparse_quant_SRR031629.graph	8437	20	23	3	6	3	3	3	3	0.0012660027	0.0001592636	0	1	ENSG00000187522
sparse_quant_SRR1017170.graph	4404	12	13	3	4	2	2	2	2	0.0008091927	0.0000863075	0	1	ENSG00000012660
sparse_quant_ERR458843.graph	8511	10	11	3	4	2	2	2	2	0.0007436275	0.0000874996	0	1	ENSG00000124160
sparse_quant_DRR023685.graph	8694	20	22	4	6	2	2	2	2	0.0011801720	0.0001170635	0	1	ENSG00000136098
sparse_quant_ERR035537.graph	14407	16	19	5	8	2	2	2	2	0.0010955334	0.0001482964	0	1	ENSG00000267796
sparse_quant_DRR028533.graph	635	11	12	3	4	2	2	2	2	0.0007967949	0.0000867844	0	1	ENSG00000143633
sparse_quant_ERR637533.graph	4334	14	19	5	10	3	3	3	3	0.0012285709	0.0002584457	0	1	ENSG00000113272
sparse_quant_SRR057649.graph	2332	13	16	3	6	3	3	3	3	0.0010216236	0.0001661777	0	1	ENSG00000115364
sparse_quant_SRR037183.graph	16730	21	21	2	2	2	2	2	2	0.0010685921	0.0000562668	0	1	ENSG00000079337
sparse_quant_SRR037183.graph	24556	5	5	2	2	2	2	2	2	0.0004961491	0.0000584126	0	1	ENSG00000160888
sparse_quant_ERR532434.graph	2121	9	10	3	4	2	2	2	2	0.0007317066	0.0000934601	0	1	ENSG00000243290
sparse_quant_ERR532434.graph	7482	29	31	4	6	2	2	2	2	0.0015351772	0.0001161098	0	1	ENSG00000023287
sparse_quant_ERR532434.graph	12855	34	44	5	15	6	6	6	6	0.0111598969	0.0090234280	0	1	ENSG00000103479
sparse_quant_DRR028515.graph	1479	21	22	3	4	2	2	2	2	0.0011305809	0.0000870228	0	1	ENSG00000173706
sparse_quant_SRR031633.graph	3076	17	26	5	14	5	5	5	5	0.0041730404	0.0028467178	0	1	ENSG00000114850
sparse_quant_SRR031633.graph	11118	9	12	4	7	3	3	3	3	0.0009117126	0.0001940727	0	1	ENSG00000153443
sparse_quant_SRR052658.graph	1897	13	13	2	2	2	2	2	2	0.0007836819	0.0000576973	0	1	ENSG00000164073
sparse_quant_DRR023452.graph	452	7	8	3	4	2	2	2	2	0.0006422997	0.0000872612	0	1	ENSG00000123080
sparse_quant_DRR023452.graph	9875	15	19	4	8	3	3	3	3	0.0011568069	0.0003302097	0	1	ENSG00000075131
sparse_quant_SRR1026958.graph	10017	15	18	3	6	3	3	3	3	0.0010848045	0.0001575947	0	1	ENSG00000196814
sparse_quant_ERR205000.graph	6398	11	15	4	8	3	3	3	3	0.0010168552	0.0001895428	0	1	ENSG00000239306
sparse_quant_ERR205000.graph	9073	11	12	3	4	2	2	2	2	0.0007789135	0.0000877380	0	1	ENSG00000169217
sparse_quant_SRR074310.graph	4709	9	10	3	4	2	2	2	2	0.0007114410	0.0000870228	0	1	ENSG00000096080
sparse_quant_SRR074310.graph	5473	11	13	4	6	2	2	2	2	0.0008664131	0.0001153946	0	1	ENSG00000106244
sparse_quant_SRR1004305.graph	856	31	38	6	13	4	4	4	4	0.0023529530	0.0005261898	0	1	ENSG00000116299
sparse_quant_DRR006391.graph	4784	20	21	3	4	2	2	2	2	0.0011105537	0.0000872612	0	1	ENSG00000182541
sparse_quant_DRR023556.graph	8544	10	13	3	6	3	3	3	3	0.0008974075	0.0001578331	0	1	ENSG00000151135
sparse_quant_DRR006395.graph	10961	8	9	3	4	2	2	2	2	0.0006716251	0.0000877380	0	1	ENSG00000155330
sparse_quant_SRR1012932.graph	8088	11	14	4	7	3	3	3	3	0.0009987354	0.0002357960	0	1	ENSG00000110108
sparse_quant_SRR1012932.graph	10361	27	44	8	25	7	7	7	7	0.2422742844	0.2362854481	0	1	ENSG00000187630
sparse_quant_DRR028189.graph	3409	29	33	4	8	3	3	3	3	0.0016577244	0.0001909733	0	1	ENSG00000072501
sparse_quant_ERR412879.graph	6770	9	10	3	4	2	2	2	2	0.0007085800	0.0000872612	0	1	ENSG00000136810
sparse_quant_ERR412879.graph	8808	28	37	6	15	5	5	5	5	0.0031819344	0.0014097691	0	1	ENSG00000111530
sparse_quant_DRR028211.graph	4241	17	22	4	9	4	4	4	4	0.0018723011	0.0007576942	0	1	ENSG00000147601
sparse_quant_SRR1025503.graph	3585	37	48	7	18	7	7	7	7	0.0594482422	0.0557279587	0	1	ENSG00000133835
sparse_quant_SRR073736.graph	10448	22	26	4	8	3	3	3	3	0.0014157295	0.0001943111	0	1	ENSG00000028528
sparse_quant_DRR023395.graph	3537	14	16	4	6	2	2	2	2	0.0009717941	0.0001161098	0	1	ENSG00000164181
sparse_quant_ERR188203.graph	8085	14	18	4	8	3	3	3	3	0.0011224747	0.0001900196	0	1	ENSG00000050130
sparse_quant_SRR039630.graph	2601	9	12	4	7	3	3	3	3	0.0009248257	0.0002272129	0	1	ENSG00000144120
sparse_quant_SRR039630.graph	6166	25	34	6	15	5	5	5	5	0.0047397614	0.0029881001	0	1	ENSG00000112759
sparse_quant_SRR031921.graph	8777	18	25	6	13	3	3	3	3	0.0015118122	0.0003271103	0	1	ENSG00000136754
sparse_quant_ERR204930.graph	3583	8	9	3	4	2	2	2	2	0.0006730556	0.0000874996	0	1	ENSG00000171992
sparse_quant_ERR594514.graph	13660	18	19	3	4	2	2	2	2	0.0010163784	0.0000867844	0	1	ENSG00000214331
sparse_quant_ERR188121.graph	963	13	16	4	7	3	3	3	3	0.0010404587	0.0001935959	0	1	ENSG00000198771
sparse_quant_SRR1025505.graph	3503	17	25	4	12	5	5	5	5	0.0036513805	0.0023703575	0	1	ENSG00000247828
sparse_quant_ERR188054.graph	4399	11	17	5	11	4	4	4	4	0.0016551018	0.0007286072	0	1	ENSG00000006625
sparse_quant_ERR188054.graph	8390	8	9	3	4	2	2	2	2	0.0006732941	0.0000867844	0	1	ENSG00000100564
sparse_quant_ERR188263.graph	7208	29	44	7	22	7	7	7	7	0.2501676083	0.2426857948	0	1	ENSG00000134283
sparse_quant_DRR009278.graph	4090	18	24	4	10	4	4	4	4	0.0015659332	0.0004022121	0	1	ENSG00000181163
sparse_quant_DRR009278.graph	4829	25	26	3	4	2	2	2	2	0.0012652874	0.0000858307	0	1	ENSG00000071242
sparse_quant_DRR023620.graph	7502	16	20	5	9	3	3	3	3	0.0012156963	0.0001866817	0	1	ENSG00000214530
sparse_quant_DRR023549.graph	7101	24	28	4	8	3	3	3	3	0.0015056133	0.0001895428	0	1	ENSG00000014138
sparse_quant_SRR058067.graph	7486	15	22	5	12	4	4	4	4	0.0017299652	0.0006330013	0	1	ENSG00000162222
sparse_quant_DRR023493.graph	5104	30	48	8	26	7	7	7	7	0.0765316486	0.0723695755	0	1	ENSG00000087077
sparse_quant_DRR008721.graph	12024	22	32	8	18	3	3	3	3	0.0018849373	0.0004215240	0	1	ENSG00000196502
sparse_quant_ERR204836.graph	1809	26	40	9	23	6	6	6	6	0.0111877918	0.0091555119	0	1	ENSG00000144134
sparse_quant_SRR1019692.graph	13916	11	15	4	8	3	3	3	3	0.0010201931	0.0002315044	0	1	ENSG00000204070
sparse_quant_DRR006438.graph	8182	73	79	5	11	4	4	4	4	0.0036151409	0.0004048347	0	1	ENSG00000149311
sparse_quant_SRR1017153.graph	9291	17	22	5	10	3	3	3	3	0.0014758110	0.0002918243	0	1	ENSG00000074410
sparse_quant_SRR020291.graph	1663	11	15	4	8	3	3	3	3	0.0010082722	0.0001907349	0	1	ENSG00000239779
sparse_quant_DRR028597.graph	49	14	16	4	6	2	2	2	2	0.0015811920	0.0001902580	0	1	ENSG00000077549
sparse_quant_DRR028597.graph	3760	20	25	5	10	3	3	3	3	0.0014538765	0.0002651215	0	1	ENSG00000030582
sparse_quant_ERR405388.graph	6518	28	30	4	6	2	2	2	2	0.0014660358	0.0001158714	0	1	ENSG00000136935
sparse_quant_SRR018266.graph	5502	21	26	4	9	4	4	4	4	0.0019059181	0.0006570816	0	1	ENSG00000104763
sparse_quant_DRR006396.graph	2733	7	8	3	4	2	2	2	2	0.0006444454	0.0000870228	0	1	ENSG00000250317
sparse_quant_SRR1026888.graph	9855	19	30	8	19	5	5	5	5	0.0034515858	0.0017430782	0	1	ENSG00000245532
sparse_quant_SRR037213.graph	6012	7	9	4	6	2	2	2	2	0.0007047653	0.0001158714	0	1	ENSG00000228028
sparse_quant_SRR032127.graph	11904	26	36	7	17	5	5	5	5	0.0042896271	0.0023882389	0	1	ENSG00000094914
sparse_quant_ERR310212.graph	11106	10	12	4	6	2	2	2	2	0.0008049011	0.0001170635	0	1	ENSG00000125812
sparse_quant_SRR1025500.graph	8794	18	22	4	8	3	3	3	3	0.0014004707	0.0002274513	0	1	ENSG00000129460
sparse_quant_ERR579127.graph	15008	22	26	5	9	3	3	3	3	0.0014469624	0.0001893044	0	1	ENSG00000130749
sparse_quant_DRR006383.graph	1529	18	21	3	6	3	3	3	3	0.0011937618	0.0001595020	0	1	ENSG00000144381
sparse_quant_SRR002322.graph	7593	15	17	4	6	2	2	2	2	0.0009858608	0.0001173019	0	1	ENSG00000221914
sparse_quant_ERR329502.graph	3547	21	28	5	12	5	5	5	5	0.0026645660	0.0012745857	0	1	ENSG00000113593
sparse_quant_ERR329502.graph	7584	21	31	7	17	5	5	5	5	0.0044956207	0.0029144287	0	1	ENSG00000170312
sparse_quant_SRR1015682.graph	7857	32	48	7	23	8	8	8	8	0.4940080643	0.4852457047	0	1	ENSG00000165119
sparse_quant_DRR028559.graph	1477	21	23	4	6	2	2	2	2	0.0012335777	0.0001175404	0	1	ENSG00000164329
sparse_quant_SRR039632.graph	19327	15	16	3	4	2	2	2	2	0.0009284019	0.0000870228	0	1	ENSG00000142166
sparse_quant_ERR188165.graph	6956	8	10	4	6	2	2	2	2	0.0007328987	0.0001158714	0	1	ENSG00000166002
sparse_quant_ERR188165.graph	11141	9	11	4	6	2	2	2	2	0.0007612705	0.0001180172	0	1	ENSG00000101417
sparse_quant_ERR188133.graph	2266	8	10	4	6	2	2	2	2	0.0007309914	0.0001161098	0	1	ENSG00000179934
sparse_quant_DRR028557.graph	118	10	10	2	2	2	2	2	2	0.0007154942	0.0000603199	0	1	ENSG00000232022
sparse_quant_ERR315462.graph	2184	21	22	3	4	2	2	2	2	0.0011351109	0.0000872612	0	1	ENSG00000169967
sparse_quant_ERR315462.graph	8293	20	32	6	18	6	6	6	6	0.0183639526	0.0167982578	0	1	ENSG00000172757
sparse_quant_SRR031632.graph	11475	14	17	5	8	2	2	2	2	0.0010561943	0.0002717972	0	1	ENSG00000141101
sparse_quant_ERR188408.graph	10502	16	21	5	10	3	3	3	3	0.0013082027	0.0003023148	0	1	ENSG00000022277
sparse_quant_SRR039629.graph	7478	16	18	4	6	2	2	2	2	0.0010497570	0.0001237392	0	1	ENSG00000133627
sparse_quant_SRR039631.graph	1885	23	29	5	11	4	4	4	4	0.0018560886	0.0004699230	0	1	ENSG00000153187
sparse_quant_ERR188199.graph	8804	43	48	5	10	3	3	3	3	0.0022671223	0.0002212524	0	1	ENSG00000021776
sparse_quant_SRR066467.graph	10053	22	31	6	15	5	5	5	5	0.0033288002	0.0016911030	0	1	ENSG00000177666
sparse_quant_SRR031927.graph	6552	14	19	5	10	4	4	4	4	0.0016953945	0.0007112026	0	1	ENSG00000101843
sparse_quant_ERR188193.graph	4112	22	36	6	20	7	7	7	7	0.1634867191	0.1587502956	0	1	ENSG00000112651
sparse_quant_DRR028187.graph	2706	25	32	6	13	4	4	4	4	0.0020172596	0.0005362034	0	1	ENSG00000164904
sparse_quant_DRR028187.graph	2792	13	16	5	8	2	2	2	2	0.0009992123	0.0002794266	0	1	ENSG00000113552
sparse_quant_DRR028187.graph	7870	11	14	3	6	3	3	3	3	0.0009326935	0.0001592636	0	1	ENSG00000189159
sparse_quant_DRR023586.graph	7846	17	19	4	6	2	2	2	2	0.0010828972	0.0001165867	0	1	ENSG00000107745
sparse_quant_DRR023586.graph	8288	20	21	3	4	2	2	2	2	0.0011148453	0.0000865459	0	1	ENSG00000064102
sparse_quant_ERR188331.graph	5533	20	24	6	10	2	2	2	2	0.0013420582	0.0001761913	0	1	ENSG00000175305
sparse_quant_ERR409892.graph	2538	13	14	3	4	2	2	2	2	0.0008509159	0.0000865459	0	1	ENSG00000067840
sparse_quant_ERR315453.graph	3281	35	36	3	4	2	2	2	2	0.0016353130	0.0000908375	0	1	ENSG00000114554
sparse_quant_ERR315453.graph	9714	29	45	7	23	8	8	8	8	0.5890717506	0.5758841038	0	1	ENSG00000126746
sparse_quant_ERR188336.graph	6919	19	22	4	7	3	3	3	3	0.0012359619	0.0001554489	0	1	ENSG00000111203
sparse_quant_ERR532439.graph	3938	15	18	4	7	3	3	3	3	0.0011518002	0.0002288818	0	1	ENSG00000109738
sparse_quant_ERR204866.graph	4056	7	7	2	2	2	2	2	2	0.0005729198	0.0000569820	0	1	ENSG00000137404
sparse_quant_ERR204866.graph	4984	21	28	4	11	5	5	5	5	0.0028135777	0.0014338493	0	1	ENSG00000105835
sparse_quant_ERR204866.graph	9041	12	17	4	9	3	3	3	3	0.0011072159	0.0002245903	0	1	ENSG00000165949
sparse_quant_ERR532551.graph	4413	8	9	3	4	2	2	2	2	0.0006659031	0.0000867844	0	1	ENSG00000070193
sparse_quant_ERR266334.graph	7700	10	14	4	8	3	3	3	3	0.0009770393	0.0001883507	0	1	ENSG00000171033
sparse_quant_ERR188127.graph	9018	11	13	4	6	2	2	2	2	0.0008535385	0.0001163483	0	1	ENSG00000070761
sparse_quant_DRR006476.graph	4794	12	17	5	10	3	3	3	3	0.0011382103	0.0002214909	0	1	ENSG00000118363
sparse_quant_ERR266330.graph	12528	28	33	5	10	3	3	3	3	0.0016937256	0.0002298355	0	1	ENSG00000090861
sparse_quant_DRR028580.graph	50	38	39	3	4	2	2	2	2	0.0017755032	0.0000870228	0	1	ENSG00000075151
sparse_quant_DRR028584.graph	4904	13	15	4	6	2	2	2	2	0.0009198189	0.0001165867	0	1	ENSG00000121058
sparse_quant_DRR006479.graph	783	17	18	3	4	2	2	2	2	0.0009770393	0.0000851154	0	1	ENSG00000092621
sparse_quant_ERR732457.graph	1005	27	39	5	17	6	6	6	6	0.0297071934	0.0272653103	0	1	ENSG00000163468
sparse_quant_ERR315449.graph	10193	20	25	5	10	3	3	3	3	0.0014619827	0.0002996922	0	1	ENSG00000131467
sparse_quant_DRR023392.graph	1783	35	46	7	18	6	6	6	6	0.0101761818	0.0078139305	0	1	ENSG00000135968
sparse_quant_DRR001627.graph	2664	13	16	4	7	3	3	3	3	0.0010783672	0.0002274513	0	1	ENSG00000176946
sparse_quant_DRR023393.graph	13250	8	10	4	6	2	2	2	2	0.0007486343	0.0001156330	0	1	ENSG00000100294
sparse_quant_ERR188153.graph	11210	19	28	6	15	5	5	5	5	0.0055179596	0.0041434765	0	1	ENSG00000099817
sparse_quant_ERR329499.graph	437	24	34	7	17	6	6	6	6	0.0198438168	0.0177826881	0	1	ENSG00000159592
sparse_quant_SRR1015680.graph	745	12	13	3	4	2	2	2	2	0.0008280277	0.0000865459	0	1	ENSG00000033122
sparse_quant_SRR089638.graph	2022	11	13	4	6	2	2	2	2	0.0008499622	0.0001151562	0	1	ENSG00000198075
sparse_quant_DRR023642.graph	6774	9	11	4	6	2	2	2	2	0.0007743835	0.0001161098	0	1	ENSG00000136859
sparse_quant_SRR032273.graph	10158	20	25	6	11	3	3	3	3	0.0015742779	0.0002207756	0	1	ENSG00000165487
sparse_quant_ERR315338.graph	14958	12	16	4	8	3	3	3	3	0.0010576248	0.0002293587	0	1	ENSG00000129968
sparse_quant_DRR006470.graph	8178	9	11	4	6	2	2	2	2	0.0007729530	0.0001170635	0	1	ENSG00000154146
sparse_quant_DRR006470.graph	8946	31	41	6	16	5	5	5	5	0.0073888302	0.0056197643	0	1	ENSG00000118308
sparse_quant_SRR020731.graph	8790	7	9	4	6	2	2	2	2	0.0006976128	0.0001163483	0	1	ENSG00000136213
sparse_quant_SRR020731.graph	10286	7	9	4	6	2	2	2	2	0.0006973743	0.0001161098	0	1	ENSG00000243279
sparse_quant_SRR073739.graph	11490	24	31	6	13	4	4	4	4	0.0019366741	0.0004622936	0	1	ENSG00000214013
sparse_quant_SRR037192.graph	8735	17	25	6	14	4	4	4	4	0.0019590855	0.0007174015	0	1	ENSG00000146576
sparse_quant_SRR037192.graph	10310	13	19	5	11	4	4	4	4	0.0018248558	0.0008337498	0	1	ENSG00000147145
sparse_quant_SRR037192.graph	12174	20	30	5	15	5	5	5	5	0.0056469440	0.0042030811	0	1	ENSG00000106799
sparse_quant_SRR037192.graph	15713	14	15	3	4	2	2	2	2	0.0008907318	0.0002372265	0	1	ENSG00000067798
sparse_quant_SRR1015681.graph	8	14	17	4	7	3	3	3	3	0.0027081966	0.0003623962	0	1	ENSG00000241860
sparse_quant_DRR006392.graph	2385	29	32	4	7	3	3	3	3	0.0016100407	0.0001931190	0	1	ENSG00000168137
sparse_quant_ERR304489.graph	11378	14	16	4	6	2	2	2	2	0.0009634495	0.0001223087	0	1	ENSG00000160392
sparse_quant_ERR637539.graph	1594	14	20	3	9	6	6	6	6	0.0145394802	0.0132565498	0	1	ENSG00000232973
sparse_quant_SRR1004285.graph	6619	18	20	4	6	2	2	2	2	0.0011072159	0.0001244545	0	1	ENSG00000187953
sparse_quant_DRR023491.graph	4730	15	16	3	4	2	2	2	2	0.0009214878	0.0002241135	0	1	ENSG00000106266
sparse_quant_SRR1004316.graph	924	33	35	4	6	2	2	2	2	0.0016193390	0.0001158714	0	1	ENSG00000065183
sparse_quant_ERR053946.graph	2450	12	18	4	10	4	4	4	4	0.0015406609	0.0005211830	0	1	ENSG00000127824
sparse_quant_ERR053946.graph	13016	9	11	4	6	2	2	2	2	0.0007903576	0.0001173019	0	1	ENSG00000257949
sparse_quant_ERR405367.graph	8422	15	23	4	12	5	5	5	5	0.0049459934	0.0037422180	0	1	ENSG00000167272
sparse_quant_ERR532548.graph	11196	15	20	5	10	3	3	3	3	0.0012469292	0.0003011227	0	1	ENSG00000171763
sparse_quant_DRR001626.graph	9150	17	24	5	12	4	4	4	4	0.0018131733	0.0006172657	0	1	ENSG00000183715
sparse_quant_ERR342884.graph	6128	24	28	4	8	3	3	3	3	0.0014700890	0.0001907349	0	1	ENSG00000133131
sparse_quant_ERR342884.graph	11768	30	34	4	8	3	3	3	3	0.0016880035	0.0001897812	0	1	ENSG00000132510
sparse_quant_ERR204848.graph	11060	22	24	4	6	2	2	2	2	0.0012695789	0.0001163483	0	1	ENSG00000076924
sparse_quant_SRR1012930.graph	3545	17	19	4	6	2	2	2	2	0.0010867119	0.0001161098	0	1	ENSG00000164124
sparse_quant_DRR028464.graph	3362	19	22	5	8	2	2	2	2	0.0012257099	0.0001466274	0	1	ENSG00000175305
sparse_quant_ERR922709.graph	7581	25	38	6	19	6	6	6	6	0.0174324512	0.0154528618	0	1	ENSG00000149100
sparse_quant_SRR1014904.graph	2305	21	26	5	10	3	3	3	3	0.0015053749	0.0002956390	0	1	ENSG00000144635
sparse_quant_ERR532550.graph	10782	13	19	5	11	4	4	4	4	0.0017838478	0.0007777214	0	1	ENSG00000140153
sparse_quant_ERR532593.graph	2038	12	14	4	6	2	2	2	2	0.0008909702	0.0001225471	0	1	ENSG00000059728
sparse_quant_ERR204824.graph	429	14	15	3	4	2	2	2	2	0.0008931160	0.0000863075	0	1	ENSG00000197429
sparse_quant_ERR204824.graph	5478	25	37	7	19	6	6	6	6	0.0101039410	0.0082309246	0	1	ENSG00000221914
sparse_quant_SRR1002996.graph	8588	20	24	4	8	3	3	3	3	0.0013608932	0.0002355576	0	1	ENSG00000165891
sparse_quant_SRR094185.graph	5105	6	7	3	4	2	2	2	2	0.0005974770	0.0000870228	0	1	ENSG00000182952
sparse_quant_ERR342871.graph	11866	29	39	6	16	5	5	5	5	0.0035152435	0.0017166138	0	1	ENSG00000157637
sparse_quant_SRR018260.graph	8629	16	17	3	4	2	2	2	2	0.0009682178	0.0000865459	0	1	ENSG00000139668
sparse_quant_SRR018260.graph	12867	18	25	7	14	4	4	4	4	0.0019323826	0.0007176399	0	1	ENSG00000160201
sparse_quant_SRR018267.graph	1588	9	11	3	5	3	3	3	3	0.0008497238	0.0001606941	0	1	ENSG00000173163
sparse_quant_DRR028183.graph	57	10	11	3	4	2	2	2	2	0.0007383823	0.0000874996	0	1	ENSG00000160049
sparse_quant_ERR205021.graph	11059	13	17	4	8	3	3	3	3	0.0011036396	0.0002276897	0	1	ENSG00000167380
sparse_quant_SRR067368.graph	292	103	106	4	7	3	3	3	3	0.0041451454	0.0001578331	0	1	ENSG00000142798
sparse_quant_ERR266336.graph	4889	10	13	4	7	3	3	3	3	0.0009241104	0.0001571178	0	1	ENSG00000164576
sparse_quant_DRR023371.graph	8685	15	16	3	4	2	2	2	2	0.0009202957	0.0000863075	0	1	ENSG00000120820
sparse_quant_SRR023853.graph	1203	33	47	9	23	6	6	6	6	0.0103201866	0.0080039501	0	1	ENSG00000143442
sparse_quant_SRR067396.graph	3499	14	17	4	7	3	3	3	3	0.0010664463	0.0001547337	0	1	ENSG00000138796
sparse_quant_SRR067396.graph	10642	26	34	7	15	4	4	4	4	0.0022299290	0.0006611347	0	1	ENSG00000140463
sparse_quant_ERR188157.graph	11970	12	16	4	8	3	3	3	3	0.0010776520	0.0002250671	0	1	ENSG00000100211
sparse_quant_DRR006388.graph	505	16	23	5	12	4	4	4	4	0.0017039776	0.0005471706	0	1	ENSG00000143119
sparse_quant_SRR1017168.graph	13014	7	8	3	4	2	2	2	2	0.0006277561	0.0000863075	0	1	ENSG00000213024
sparse_quant_DRR023523.graph	6087	10	13	3	6	3	3	3	3	0.0008983612	0.0001585484	0	1	ENSG00000164932
sparse_quant_SRR020287.graph	11966	32	42	7	17	5	5	5	5	0.0035552979	0.0014777184	0	1	ENSG00000090861
sparse_quant_SRR1004857.graph	1310	31	38	5	12	4	4	4	4	0.0025174618	0.0006980896	0	1	ENSG00000055917
sparse_quant_ERR266333.graph	14625	10	11	3	4	2	2	2	2	0.0007374287	0.0000867844	0	1	ENSG00000197016
sparse_quant_SRR018258.graph	11919	16	23	6	13	4	4	4	4	0.0021343231	0.0010309219	0	1	ENSG00000108622
sparse_quant_SRR1026946.graph	6667	14	16	3	5	3	3	3	3	0.0010342598	0.0001640320	0	1	ENSG00000010818
sparse_quant_ERR188055.graph	9621	27	33	5	11	4	4	4	4	0.0019526482	0.0004236698	0	1	ENSG00000158545
sparse_quant_SRR023854.graph	7571	20	26	5	11	4	4	4	4	0.0020306110	0.0007710457	0	1	ENSG00000146826
sparse_quant_SRR039623.graph	3375	7	8	3	4	2	2	2	2	0.0006284714	0.0000865459	0	1	ENSG00000131174
sparse_quant_ERR188136.graph	4130	12	13	3	4	2	2	2	2	0.0008187294	0.0000865459	0	1	ENSG00000012660
sparse_quant_ERR325027.graph	4138	16	18	4	6	2	2	2	2	0.0010221004	0.0001170635	0	1	ENSG00000164934
sparse_quant_ERR476950.graph	12635	31	43	8	20	6	6	6	6	0.0116877556	0.0096793175	0	1	ENSG00000198720
sparse_quant_ERR188156.graph	3691	10	11	3	4	2	2	2	2	0.0007524490	0.0000867844	0	1	ENSG00000051596
sparse_quant_SRR031949.graph	6649	23	33	6	16	5	5	5	5	0.0046029091	0.0031909943	0	1	ENSG00000091732
sparse_quant_SRR031949.graph	16137	23	24	3	4	2	2	2	2	0.0011932850	0.0000863075	0	1	ENSG00000121289
sparse_quant_ERR315375.graph	422	14	15	3	4	2	2	2	2	0.0008840561	0.0000865459	0	1	ENSG00000116885
sparse_quant_SRR031945.graph	9188	14	19	5	10	3	3	3	3	0.0012276173	0.0003015995	0	1	ENSG00000110906
sparse_quant_ERR188338.graph	3130	32	38	6	12	3	3	3	3	0.0019509792	0.0003683567	0	1	ENSG00000138802
sparse_quant_DRR028219.graph	3990	9	11	4	6	2	2	2	2	0.0007798672	0.0001163483	0	1	ENSG00000196976
sparse_quant_SRR031968.graph	12425	13	18	4	9	4	4	4	4	0.0013206005	0.0003614426	0	1	ENSG00000272888
sparse_quant_DRR023644.graph	4513	22	24	4	6	2	2	2	2	0.0012490749	0.0001206398	0	1	ENSG00000112118
sparse_quant_SRR1004302.graph	7564	16	18	3	5	3	3	3	3	0.0010709763	0.0001380444	0	1	ENSG00000125354
sparse_quant_ERR266338.graph	5055	13	15	3	5	3	3	3	3	0.0009696484	0.0001230240	0	1	ENSG00000112473
sparse_quant_ERR412875.graph	6432	21	22	3	4	2	2	2	2	0.0011534691	0.0000877380	0	1	ENSG00000147874
sparse_quant_DRR028556.graph	906	12	14	4	6	2	2	2	2	0.0009007454	0.0001156330	0	1	ENSG00000240344
sparse_quant_SRR1004286.graph	341	28	31	3	6	3	3	3	3	0.0015544891	0.0001642704	0	1	ENSG00000117676
sparse_quant_SRR032121.graph	1928	22	28	5	11	4	4	4	4	0.0017998219	0.0005917549	0	1	ENSG00000163798
sparse_quant_SRR032121.graph	4008	19	20	3	4	2	2	2	2	0.0010647774	0.0000932217	0	1	ENSG00000125388
sparse_quant_ERR532601.graph	11684	8	10	4	6	2	2	2	2	0.0007338524	0.0001151562	0	1	ENSG00000103381
sparse_quant_ERR532601.graph	12019	10	11	3	4	2	2	2	2	0.0007407665	0.0000879765	0	1	ENSG00000168701
sparse_quant_ERR204931.graph	10078	13	14	3	4	2	2	2	2	0.0008473396	0.0000874996	0	1	ENSG00000121060
sparse_quant_SRR061729.graph	2220	14	16	4	6	2	2	2	2	0.0009534359	0.0001151562	0	1	ENSG00000128694
sparse_quant_DRR023495.graph	6868	9	11	4	6	2	2	2	2	0.0007748604	0.0001149178	0	1	ENSG00000188229
sparse_quant_ERR476947.graph	15060	7	7	2	2	2	2	2	2	0.0005621910	0.0000574589	0	1	ENSG00000183145
sparse_quant_SRR020735.graph	3680	31	43	6	18	6	6	6	6	0.0123107433	0.0103363991	0	1	ENSG00000114439
sparse_quant_SRR020735.graph	14718	6	7	3	4	2	2	2	2	0.0005919933	0.0000860691	0	1	ENSG00000169957
sparse_quant_SRR020735.graph	15158	15	21	5	11	4	4	4	4	0.0015406609	0.0004644394	0	1	ENSG00000131165
sparse_quant_SRR020735.graph	16428	19	27	5	13	5	5	5	5	0.0026412010	0.0013284683	0	1	ENSG00000178127
sparse_quant_ERR576280.graph	5137	16	21	5	10	3	3	3	3	0.0012807846	0.0002202988	0	1	ENSG00000170271
sparse_quant_ERR532438.graph	9069	17	18	3	4	2	2	2	2	0.0010087490	0.0000872612	0	1	ENSG00000149260
sparse_quant_SRR1026947.graph	18735	6	7	3	4	2	2	2	2	0.0006120205	0.0000929832	0	1	ENSG00000240591
sparse_quant_ERR188197.graph	376	26	33	5	12	5	5	5	5	0.0046286583	0.0031757355	0	1	ENSG00000132781
sparse_quant_DRR023548.graph	4491	12	14	4	6	2	2	2	2	0.0008766651	0.0001180172	0	1	ENSG00000172594
sparse_quant_SRR1015683.graph	13836	11	15	4	8	3	3	3	3	0.0010077953	0.0001904964	0	1	ENSG00000004779
sparse_quant_ERR204849.graph	12110	19	27	6	14	5	4	4	5	0.0142955780	0.0048289299	0	1	ENSG00000120784
sparse_quant_ERR205002.graph	3068	11	13	4	6	2	2	2	2	0.0008637905	0.0001173019	0	1	ENSG00000118816
sparse_quant_ERR188372.graph	4111	16	18	4	6	2	2	2	2	0.0010278225	0.0001173019	0	1	ENSG00000156711
sparse_quant_ERR329503.graph	264	15	17	4	6	2	2	2	2	0.0009925365	0.0001161098	0	1	ENSG00000162419
sparse_quant_ERR329503.graph	10986	24	36	6	18	6	6	6	6	0.0249810219	0.0229401588	0	1	ENSG00000168961
sparse_quant_SRR1004303.graph	13117	18	23	6	11	3	3	3	3	0.0013606548	0.0002186298	0	1	ENSG00000276141
sparse_quant_ERR315424.graph	13652	37	52	8	23	7	7	7	7	0.0585634708	0.0551178455	0	1	ENSG00000141068
sparse_quant_DRR028532.graph	2479	18	26	6	14	4	4	4	4	0.0019764900	0.0007348061	0	1	ENSG00000102317
sparse_quant_ERR205006.graph	2464	27	35	6	14	5	5	5	5	0.0031487942	0.0014593601	0	1	ENSG00000114480
sparse_quant_SRR1025511.graph	7668	16	22	5	11	4	4	4	4	0.0015311241	0.0003972054	0	1	ENSG00000165669
sparse_quant_SRR1025511.graph	12172	6	7	3	4	2	2	2	2	0.0008859634	0.0001242161	0	1	ENSG00000171425
sparse_quant_ERR380553.graph	6230	19	21	4	6	2	2	2	2	0.0011339188	0.0001165867	0	1	ENSG00000136875
sparse_quant_ERR380553.graph	6862	7	8	3	4	2	2	2	2	0.0006327629	0.0000882149	0	1	ENSG00000248643
sparse_quant_ERR380553.graph	8209	11	13	4	6	2	2	2	2	0.0008480549	0.0001161098	0	1	ENSG00000110906
sparse_quant_ERR188330.graph	10744	14	20	4	10	4	4	4	4	0.0016746521	0.0006589890	0	1	ENSG00000124164
sparse_quant_ERR188330.graph	11543	9	11	4	6	2	2	2	2	0.0007717609	0.0001170635	0	1	ENSG00000142528
sparse_quant_ERR188198.graph	6480	13	14	3	4	2	2	2	2	0.0008676052	0.0000867844	0	1	ENSG00000110031
sparse_quant_SRR1025504.graph	1871	14	15	3	4	2	2	2	2	0.0008790493	0.0000874996	0	1	ENSG00000065548
sparse_quant_SRR020746.graph	13393	19	25	6	12	4	4	4	4	0.0017454624	0.0004606247	0	1	ENSG00000198074
sparse_quant_DRR023686.graph	224	10	14	4	8	3	3	3	3	0.0009706020	0.0001940727	0	1	ENSG00000130772
sparse_quant_DRR023686.graph	8787	10	12	4	6	2	2	2	2	0.0008101463	0.0001165867	0	1	ENSG00000235194
sparse_quant_SRR031962.graph	7270	12	16	4	8	3	3	3	3	0.0010759830	0.0001924038	0	1	ENSG00000107223
sparse_quant_ERR266331.graph	8121	21	29	4	12	5	5	5	5	0.0040388107	0.0025460720	0	1	ENSG00000147475
sparse_quant_ERR266331.graph	15336	32	36	4	8	3	3	3	3	0.0017845631	0.0002269745	0	1	ENSG00000108395
sparse_quant_ERR188135.graph	5572	28	32	4	8	3	3	3	3	0.0016324520	0.0002279282	0	1	ENSG00000107077
sparse_quant_SRR094181.graph	3506	46	53	5	12	4	4	4	4	0.0028762817	0.0006697178	0	1	ENSG00000157796
sparse_quant_SRR1025671.graph	4623	34	47	12	25	3	3	3	3	0.0026981831	0.0005576611	0	1	ENSG00000182487
sparse_quant_SRR1004319.graph	1004	29	29	2	2	2	2	2	2	0.0014832020	0.0000567436	0	1	ENSG00000270629
sparse_quant_SRR1004319.graph	7329	21	32	7	18	6	6	6	6	0.0121335983	0.0106248856	0	1	ENSG00000147439
sparse_quant_SRR037173.graph	2360	47	52	5	10	3	3	3	3	0.0024430752	0.0002603531	0	1	ENSG00000136731
sparse_quant_SRR037173.graph	16887	13	17	5	9	3	3	3	3	0.0011169910	0.0001876354	0	1	ENSG00000198046
sparse_quant_ERR532603.graph	13858	27	33	5	11	3	3	3	3	0.0017633438	0.0002937317	0	1	ENSG00000004897
sparse_quant_ERR315454.graph	12797	16	22	5	11	3	3	3	3	0.0013537407	0.0002908707	0	1	ENSG00000118894
sparse_quant_DRR023372.graph	3029	33	53	11	31	8	8	8	8	0.4790160656	0.4708485603	0	1	ENSG00000174227
sparse_quant_DRR023372.graph	8607	13	15	4	6	2	2	2	2	0.0009140968	0.0001156330	0	1	ENSG00000182050
sparse_quant_ERR579131.graph	7240	15	18	4	7	3	3	3	3	0.0011026859	0.0001544952	0	1	ENSG00000147439
sparse_quant_ERR579131.graph	10200	22	27	5	10	3	3	3	3	0.0015385151	0.0002939701	0	1	ENSG00000161813
sparse_quant_DRR028170.graph	1554	11	15	4	8	3	3	3	3	0.0010092258	0.0001959801	0	1	ENSG00000144827
sparse_quant_ERR205001.graph	8870	23	24	3	4	2	2	2	2	0.0012025833	0.0000858307	0	1	ENSG00000103043
sparse_quant_DRR028147.graph	5400	8	10	3	5	3	3	3	3	0.0007774830	0.0001256466	0	1	ENSG00000111775
sparse_quant_ERR188129.graph	10287	14	20	4	10	5	5	5	5	0.0040247440	0.0029156208	0	1	ENSG00000183011
sparse_quant_ERR637530.graph	7685	15	17	4	6	2	2	2	2	0.0009949207	0.0001182556	0	1	ENSG00000125482
sparse_quant_ERR637530.graph	9093	5	6	3	4	2	2	2	2	0.0005588531	0.0000870228	0	1	ENSG00000188613
sparse_quant_ERR188267.graph	3541	23	30	5	12	4	4	4	4	0.0020987988	0.0007028580	0	1	ENSG00000196923
sparse_quant_ERR188267.graph	4128	8	8	2	2	2	2	2	2	0.0006363392	0.0000576973	0	1	ENSG00000112029
sparse_quant_ERR188154.graph	8744	30	50	6	26	8	8	8	8	2.5109128952	2.4231085777	0	5	ENSG00000140374
sparse_quant_SRR037172.graph	11227	32	51	6	25	8	8	8	8	1.1511216164	1.1304030418	0	5	ENSG00000185787
sparse_quant_SRR038294.graph	16647	22	37	6	21	8	8	8	8	2.9673004150	2.9187140465	0	5	ENSG00000015475
sparse_quant_ERR188151.graph	1032	25	37	6	18	7	6	7	7	3.9131290913	0.3282544613	0	5	ENSG00000116750
sparse_quant_ERR188143.graph	2084	37	60	11	34	8	8	8	8	1.0511107445	1.0284268856	0	5	ENSG00000144591
sparse_quant_ERR188121.graph	10615	42	61	6	25	9	9	9	9	4.8370599747	4.7805321217	0	5	ENSG00000134759
sparse_quant_SRR039628.graph	5479	25	41	6	22	8	8	8	8	2.7731885910	2.7173731327	0	5	ENSG00000019582
sparse_quant_SRR020738.graph	13969	23	39	7	23	8	8	8	8	1.5346870422	1.4899604321	0	5	ENSG00000153443
sparse_quant_ERR405361.graph	1643	36	58	9	31	9	9	9	9	4.6509556770	4.5718405247	0	5	ENSG00000116001
