85.graph	4710	25	26	3	4	2	2	2	2	0.0013010502	0.0000865459	0	15	ENSMUSG00000009376
85.graph	5087	12	16	4	8	3	3	3	3	0.0010623932	0.0001907349	0	15	ENSMUSG00000063415
85.graph	8108	6	7	3	4	2	2	2	2	0.0005974770	0.0000877380	0	15	ENSMUSG00000094828
85.graph	11374	14	22	4	12	5	5	5	5	0.0036478043	0.0024981499	0	15	ENSMUSG00000058794
85.graph	11377	19	26	4	11	4	4	4	4	0.0017917156	0.0005605221	0	15	ENSMUSG00000022487
85.graph	11627	10	12	4	6	2	2	2	2	0.0008101463	0.0001165867	0	15	ENSMUSG00000022661
29.graph	1694	26	28	4	6	2	2	2	2	0.0013720989	0.0001161098	0	15	ENSMUSG00000027655
29.graph	2320	17	19	3	5	3	3	3	3	0.0011076927	0.0001623631	0	15	ENSMUSG00000041688
29.graph	6718	24	29	5	10	3	3	3	3	0.0015561581	0.0002598763	0	15	ENSMUSG00000075225
29.graph	7887	26	29	5	8	2	2	2	2	0.0014569759	0.0001468658	0	15	ENSMUSG00000041408
29.graph	10341	10	11	3	4	2	2	2	2	0.0007331371	0.0000872612	0	15	ENSMUSG00000012422
78.graph	4141	38	47	6	15	5	5	5	5	0.0038583279	0.0019037724	0	15	ENSMUSG00000037736
78.graph	7308	14	17	4	7	3	3	3	3	0.0010483265	0.0001621246	0	15	ENSMUSG00000023235
16.graph	625	13	14	3	4	2	2	2	2	0.0008533001	0.0000863075	0	15	ENSMUSG00000005763
16.graph	810	19	20	3	4	2	2	2	2	0.0010614395	0.0000867844	0	15	ENSMUSG00000051396
16.graph	2193	14	18	4	8	3	3	3	3	0.0011355877	0.0001916885	0	15	ENSMUSG00000047694
16.graph	6118	47	52	6	11	3	3	3	3	0.0025291443	0.0002238750	0	15	ENSMUSG00000078671
16.graph	11655	8	9	3	4	2	2	2	2	0.0006618500	0.0000863075	0	15	ENSMUSG00000022890
22.graph	558	12	13	3	4	2	2	2	2	0.0008232594	0.0000872612	0	15	ENSMUSG00000026470
22.graph	1313	19	22	4	7	3	3	3	3	0.0012664795	0.0003287792	0	15	ENSMUSG00000027247
22.graph	1356	15	23	5	13	5	5	5	5	0.0046646595	0.0033929348	0	15	ENSMUSG00000068686
22.graph	4412	10	11	3	4	2	2	2	2	0.0007398129	0.0000929832	0	15	ENSMUSG00000038582
22.graph	5426	23	27	4	8	3	3	3	3	0.0014393330	0.0001933575	0	15	ENSMUSG00000030243
22.graph	5430	8	10	4	6	2	2	2	2	0.0007464886	0.0001189709	0	15	ENSMUSG00000030247
22.graph	8487	24	26	4	6	2	2	2	2	0.0013308525	0.0001187325	0	15	ENSMUSG00000040111
79.graph	236	22	26	4	8	3	3	3	3	0.0014138222	0.0002293587	0	15	ENSMUSG00000006542
79.graph	414	31	34	4	7	3	3	3	3	0.0017192364	0.0002284050	0	15	ENSMUSG00000056211
79.graph	2112	25	33	6	14	4	4	4	4	0.0026085377	0.0011129379	0	15	ENSMUSG00000019558
79.graph	7708	17	19	4	6	2	2	2	2	0.0010585785	0.0001251698	0	15	ENSMUSG00000061577
79.graph	9100	7	9	4	6	2	2	2	2	0.0006904602	0.0001177788	0	15	ENSMUSG00000032551
79.graph	10057	8	8	2	2	2	2	2	2	0.0006008148	0.0000572205	0	15	ENSMUSG00000025579
79.graph	11712	21	21	2	2	2	2	2	2	0.0010466576	0.0000560284	0	15	ENSMUSG00000022762
100.graph	532	22	29	6	13	3	3	3	3	0.0016608238	0.0003690720	0	15	ENSMUSG00000006010
100.graph	2041	9	11	4	6	2	2	2	2	0.0007681847	0.0001165867	0	15	ENSMUSG00000067860
100.graph	7587	7	8	3	4	2	2	2	2	0.0006241798	0.0000858307	0	15	ENSMUSG00000031647
100.graph	9668	7	9	4	6	2	2	2	2	0.0006971359	0.0001168251	0	15	ENSMUSG00000070374
100.graph	12631	32	32	2	2	2	2	2	2	0.0014755726	0.0000557899	0	15	ENSMUSG00000033382
24.graph	381	16	17	3	4	2	2	2	2	0.0009443760	0.0000855923	0	15	ENSMUSG00000009907
24.graph	1584	45	47	4	6	2	2	2	2	0.0020608902	0.0001168251	0	15	ENSMUSG00000037110
24.graph	1778	22	25	5	8	2	2	2	2	0.0014414787	0.0001456738	0	15	ENSMUSG00000039463
24.graph	4722	11	11	2	2	2	2	2	2	0.0007112026	0.0000557899	0	15	ENSMUSG00000015189
24.graph	12309	21	24	5	8	2	2	2	2	0.0012748241	0.0001459122	0	15	ENSMUSG00000052105
91.graph	4398	10	12	4	6	2	2	2	2	0.0008065701	0.0001165867	0	15	ENSMUSG00000032959
91.graph	4567	11	14	4	7	3	3	3	3	0.0009880066	0.0002331734	0	15	ENSMUSG00000037428
91.graph	5486	15	18	4	7	3	3	3	3	0.0011425018	0.0002295971	0	15	ENSMUSG00000003452
91.graph	6366	25	28	3	6	3	3	3	3	0.0014095306	0.0001580715	0	15	ENSMUSG00000031024
91.graph	9894	40	45	5	10	3	3	3	3	0.0022485256	0.0002985001	0	15	ENSMUSG00000020721
91.graph	9949	11	16	5	10	3	3	3	3	0.0011026859	0.0002925396	0	15	ENSMUSG00000048442
28.graph	284	17	19	4	6	2	2	2	2	0.0010340214	0.0001158714	0	15	ENSMUSG00000053161
28.graph	4044	15	16	3	4	2	2	2	2	0.0009040833	0.0000865459	0	15	ENSMUSG00000039191
28.graph	4417	12	14	4	6	2	2	2	2	0.0008745193	0.0001170635	0	15	ENSMUSG00000049327
28.graph	7007	16	21	5	10	3	3	3	3	0.0013847351	0.0002996922	0	15	ENSMUSG00000061904
28.graph	8204	17	21	4	8	3	3	3	3	0.0012035370	0.0001974106	0	15	ENSMUSG00000021959
12.graph	12618	13	15	4	6	2	2	2	2	0.0009279251	0.0001173019	0	15	ENSMUSG00000057719
34.graph	3664	12	15	3	6	3	3	3	3	0.0009684563	0.0001580715	0	15	ENSMUSG00000041193
34.graph	11657	8	9	3	4	2	2	2	2	0.0006694794	0.0000863075	0	15	ENSMUSG00000063163
34.graph	11777	24	25	3	4	2	2	2	2	0.0012462139	0.0000863075	0	15	ENSMUSG00000023868
95.graph	2315	8	10	4	6	2	2	2	2	0.0007345676	0.0001227856	0	15	ENSMUSG00000046432
95.graph	2410	18	21	3	6	3	3	3	3	0.0011808872	0.0001611710	0	15	ENSMUSG00000031353
95.graph	3343	27	32	5	10	3	3	3	3	0.0016710758	0.0002658367	0	15	ENSMUSG00000008305
95.graph	5635	10	12	4	6	2	2	2	2	0.0007998943	0.0001165867	0	15	ENSMUSG00000074369
95.graph	5690	27	29	4	6	2	2	2	2	0.0014152527	0.0001173019	0	15	ENSMUSG00000030400
95.graph	11215	10	10	2	2	2	2	2	2	0.0006611347	0.0000565052	0	15	ENSMUSG00000062154
95.graph	12278	6	7	3	4	2	2	2	2	0.0006034374	0.0000884533	0	15	ENSMUSG00000079471
72.graph	6213	8	9	3	4	3	2	3	3	0.0010228157	0.0003006458	0	15	ENSMUSG00000055407
72.graph	10034	12	16	5	9	3	3	3	3	0.0011234283	0.0002999306	0	15	ENSMUSG00000059923
72.graph	12874	37	39	4	6	2	2	2	2	0.0017733574	0.0001180172	0	15	ENSMUSG00000024948
45.graph	2975	12	13	3	4	2	2	2	2	0.0007915497	0.0000863075	0	15	ENSMUSG00000028132
45.graph	4706	17	23	5	11	3	3	3	3	0.0013580322	0.0002980232	0	15	ENSMUSG00000001844
45.graph	8107	9	10	3	4	2	2	2	2	0.0006904602	0.0000867844	0	15	ENSMUSG00000090716
45.graph	8672	40	42	4	6	2	2	2	2	0.0018374920	0.0001156330	0	15	ENSMUSG00000002028
21.graph	1946	20	21	3	4	2	2	2	2	0.0010991096	0.0000860691	0	15	ENSMUSG00000031065
21.graph	2445	17	25	5	13	4	4	4	4	0.0019311905	0.0007147789	0	15	ENSMUSG00000027506
21.graph	8891	20	22	4	6	2	2	2	2	0.0011610985	0.0001151562	0	15	ENSMUSG00000032586
21.graph	9368	8	10	4	6	2	2	2	2	0.0007426739	0.0001163483	0	15	ENSMUSG00000048497
21.graph	12289	18	20	4	6	2	2	2	2	0.0010972023	0.0001161098	0	15	ENSMUSG00000024254
53.graph	1313	46	55	9	18	3	3	3	3	0.0027565956	0.0003919601	0	15	ENSMUSG00000040687
53.graph	2823	14	15	3	4	2	2	2	2	0.0008826256	0.0000929832	0	15	ENSMUSG00000038256
53.graph	4354	23	32	8	17	3	3	3	3	0.0018625259	0.0004608631	0	15	ENSMUSG00000033540
53.graph	4448	19	24	5	10	3	3	3	3	0.0014207363	0.0002951622	0	15	ENSMUSG00000032898
53.graph	6122	8	8	2	2	2	2	2	2	0.0006022453	0.0000567436	0	15	ENSMUSG00000040212
53.graph	6296	21	38	6	23	7	7	7	7	0.2663743496	0.2582263947	0	15	ENSMUSG00000035642
53.graph	6556	18	20	4	6	2	2	2	2	0.0010972023	0.0001173019	0	15	ENSMUSG00000030727
53.graph	11108	11	12	3	4	2	2	2	2	0.0007772446	0.0000860691	0	15	ENSMUSG00000072664
51.graph	215	15	17	4	6	2	2	2	2	0.0009880066	0.0001165867	0	15	ENSMUSG00000026000
51.graph	1190	7	8	3	4	2	2	2	2	0.0006284714	0.0000865459	0	15	ENSMUSG00000027076
51.graph	2503	10	13	5	8	2	2	2	2	0.0008807182	0.0001471043	0	15	ENSMUSG00000037661
51.graph	3670	12	13	3	4	2	2	2	2	0.0008091927	0.0000877380	0	15	ENSMUSG00000028878
51.graph	4310	25	30	5	10	3	3	3	3	0.0016038418	0.0002255440	0	15	ENSMUSG00000035266
51.graph	4492	29	32	4	7	3	3	3	3	0.0016083717	0.0001633167	0	15	ENSMUSG00000029475
51.graph	5372	9	10	3	4	2	2	2	2	0.0006928444	0.0000874996	0	15	ENSMUSG00000003153
51.graph	7707	16	17	3	4	2	2	2	2	0.0009603500	0.0000867844	0	15	ENSMUSG00000033009
51.graph	10633	11	13	4	6	2	2	2	2	0.0008525848	0.0001173019	0	15	ENSMUSG00000042385
51.graph	11473	35	41	4	10	4	4	4	4	0.0022962093	0.0005218983	0	15	ENSMUSG00000023033
70.graph	2837	12	14	4	6	2	2	2	2	0.0008850098	0.0001168251	0	15	ENSMUSG00000040896
70.graph	4164	25	27	4	6	2	2	2	2	0.0015037060	0.0001158714	0	15	ENSMUSG00000036435
70.graph	10533	24	24	2	2	2	2	2	2	0.0011606216	0.0000553131	0	15	ENSMUSG00000021758
66.graph	2143	17	19	4	6	2	2	2	2	0.0010771751	0.0001153946	0	15	ENSMUSG00000031402
66.graph	12226	27	29	4	6	2	2	2	2	0.0014259815	0.0001165867	0	15	ENSMUSG00000071054
7.graph	3678	30	34	4	8	3	3	3	3	0.0017082691	0.0002346039	0	15	ENSMUSG00000041351
7.graph	5090	10	10	2	2	2	2	2	2	0.0006873608	0.0000555515	0	15	ENSMUSG00000063415
7.graph	8754	20	22	4	6	2	2	2	2	0.0011656284	0.0001168251	0	15	ENSMUSG00000054693
7.graph	10975	19	24	3	8	4	4	4	4	0.0016639233	0.0004906654	0	15	ENSMUSG00000055737
7.graph	12068	12	13	3	4	2	2	2	2	0.0008127689	0.0000922680	0	15	ENSMUSG00000024308
50.graph	2871	12	13	3	4	2	2	2	2	0.0008099079	0.0000877380	0	15	ENSMUSG00000068744
50.graph	7845	9	10	3	4	2	2	2	2	0.0006999969	0.0000867844	0	15	ENSMUSG00000095360
50.graph	8845	29	31	4	6	2	2	2	2	0.0014941692	0.0001184940	0	15	ENSMUSG00000032413
50.graph	9172	8	9	3	4	2	2	2	2	0.0006594658	0.0000870228	0	15	ENSMUSG00000051355
11.graph	27	8	8	2	2	2	2	2	2	0.0005886555	0.0000560284	0	15	ENSMUSG00000067795
11.graph	3442	13	14	3	4	2	2	2	2	0.0008475780	0.0000877380	0	15	ENSMUSG00000028688
11.graph	4404	26	30	4	8	3	3	3	3	0.0015256405	0.0001964569	0	15	ENSMUSG00000029469
11.graph	4762	15	17	4	6	2	2	2	2	0.0009737015	0.0001168251	0	15	ENSMUSG00000001642
11.graph	5865	17	19	4	6	2	2	2	2	0.0010478497	0.0001177788	0	15	ENSMUSG00000066568
11.graph	8321	29	39	8	18	5	5	5	5	0.0033056736	0.0014376640	0	15	ENSMUSG00000095891
11.graph	8649	15	18	4	7	3	3	3	3	0.0011115074	0.0001988411	0	15	ENSMUSG00000022245
57.graph	1776	17	22	5	10	3	3	3	3	0.0012958050	0.0002238750	0	15	ENSMUSG00000027522
57.graph	4999	5	5	2	2	2	2	2	2	0.0004920959	0.0000572205	0	15	ENSMUSG00000076572
57.graph	8607	13	16	5	8	2	2	2	2	0.0009937286	0.0001473427	0	15	ENSMUSG00000000167
57.graph	8995	24	30	5	11	3	3	3	3	0.0015923977	0.0002574921	0	15	ENSMUSG00000032497
71.graph	385	18	26	5	13	4	4	4	4	0.0018682480	0.0006248951	0	15	ENSMUSG00000026333
71.graph	2164	43	45	4	6	2	2	2	2	0.0019817352	0.0001161098	0	15	ENSMUSG00000031314
71.graph	2717	15	17	4	6	2	2	2	2	0.0009939671	0.0001156330	0	15	ENSMUSG00000038861
71.graph	3243	12	16	4	8	3	3	3	3	0.0010426044	0.0001878738	0	15	ENSMUSG00000038544
71.graph	3613	19	21	4	6	2	2	2	2	0.0011308193	0.0001168251	0	15	ENSMUSG00000012126
71.graph	3760	10	12	4	6	2	2	2	2	0.0008063316	0.0001151562	0	15	ENSMUSG00000028992
71.graph	5957	15	19	4	8	3	3	3	3	0.0011742115	0.0002338886	0	15	ENSMUSG00000013353
71.graph	12636	25	27	4	6	3	2	3	3	0.0021064281	0.0002288818	0	15	ENSMUSG00000003778
71.graph	13170	48	53	7	12	2	2	2	2	0.0025162697	0.0002024174	0	15	ENSMUSG00000049134
6.graph	461	9	10	3	4	2	2	2	2	0.0007033348	0.0000877380	0	15	ENSMUSG00000042066
6.graph	3618	12	15	5	8	2	2	2	2	0.0009803772	0.0001478195	0	15	ENSMUSG00000028795
6.graph	5711	21	24	5	8	2	2	2	2	0.0012807846	0.0001468658	0	15	ENSMUSG00000004328
6.graph	6072	16	20	4	8	3	3	3	3	0.0012171268	0.0002276897	0	15	ENSMUSG00000011658
6.graph	7354	27	29	4	6	2	2	2	2	0.0014140606	0.0001175404	0	15	ENSMUSG00000000759
6.graph	9559	17	18	3	4	2	2	2	2	0.0009863377	0.0000867844	0	15	ENSMUSG00000040829
6.graph	9754	40	45	5	10	3	3	3	3	0.0022511482	0.0002546310	0	15	ENSMUSG00000047126
5.graph	7667	10	10	2	2	2	2	2	2	0.0006625652	0.0000560284	0	15	ENSMUSG00000014837
5.graph	11337	42	54	8	20	5	5	5	5	0.0047175884	0.0023887157	0	15	ENSMUSG00000022469
5.graph	11876	10	11	3	4	2	2	2	2	0.0007379055	0.0000867844	0	15	ENSMUSG00000014771
5.graph	12360	6	6	2	2	2	2	2	2	0.0005249977	0.0000550747	0	15	ENSMUSG00000049672
73.graph	1528	8	10	4	6	2	2	2	2	0.0007314682	0.0001153946	0	15	ENSMUSG00000027409
73.graph	1542	27	32	6	11	3	3	3	3	0.0018119812	0.0002171993	0	15	ENSMUSG00000027318
73.graph	5744	7	8	3	4	2	2	2	2	0.0006222725	0.0000853539	0	15	ENSMUSG00000094682
73.graph	7180	10	11	3	4	2	2	2	2	0.0007328987	0.0000860691	0	15	ENSMUSG00000055531
75.graph	6231	14	16	4	6	2	2	2	2	0.0009424686	0.0001177788	0	15	ENSMUSG00000061119
75.graph	8254	9	12	3	6	3	3	3	3	0.0008540154	0.0001580715	0	15	ENSMUSG00000075571
75.graph	9485	29	36	5	12	4	4	4	4	0.0022735596	0.0007071495	0	15	ENSMUSG00000020886
75.graph	11582	20	22	4	6	2	2	2	2	0.0011413097	0.0001163483	0	15	ENSMUSG00000022791
88.graph	1782	32	39	6	13	3	3	3	3	0.0019707680	0.0002877712	0	15	ENSMUSG00000002718
88.graph	7085	15	17	4	6	2	2	2	2	0.0009744167	0.0001151562	0	15	ENSMUSG00000019966
88.graph	8287	23	26	3	6	3	3	3	3	0.0013740063	0.0001628399	0	15	ENSMUSG00000021998
88.graph	9842	16	25	4	13	5	5	5	5	0.0036358833	0.0024294853	0	15	ENSMUSG00000043372
88.graph	10203	10	12	4	6	2	2	2	2	0.0008058548	0.0001177788	0	15	ENSMUSG00000044566
30.graph	1311	8	9	3	4	2	2	2	2	0.0006897449	0.0000870228	0	15	ENSMUSG00000040310
30.graph	5855	9	10	3	4	2	2	2	2	0.0007100105	0.0000860691	0	15	ENSMUSG00000062040
30.graph	6854	48	51	5	8	2	2	2	2	0.0024070740	0.0001444817	0	15	ENSMUSG00000019893
30.graph	10493	11	13	4	6	2	2	2	2	0.0008497238	0.0001225471	0	15	ENSMUSG00000021660
33.graph	777	17	22	5	10	3	3	3	3	0.0013122559	0.0002269745	0	15	ENSMUSG00000016481
33.graph	9235	14	15	3	4	2	2	2	2	0.0009136200	0.0000913143	0	15	ENSMUSG00000020467
33.graph	9578	26	33	6	13	3	3	3	3	0.0018081665	0.0003616810	0	15	ENSMUSG00000020817
63.graph	195	16	25	5	14	4	4	4	4	0.0020897388	0.0008933544	0	15	ENSMUSG00000025967
63.graph	7096	19	23	4	8	3	3	3	3	0.0013153553	0.0001904964	0	15	ENSMUSG00000036099
98.graph	1673	19	20	3	4	2	2	2	2	0.0010693073	0.0000879765	0	15	ENSMUSG00000027487
98.graph	5423	20	23	5	8	2	2	2	2	0.0012524128	0.0001461506	0	15	ENSMUSG00000030235
98.graph	7342	31	32	3	4	2	2	2	2	0.0015053749	0.0000879765	0	15	ENSMUSG00000031576
98.graph	7953	47	63	9	25	6	6	6	6	0.0294272900	0.0263276100	0	15	ENSMUSG00000042323
98.graph	9216	13	16	5	8	2	2	2	2	0.0009951591	0.0001466274	0	15	ENSMUSG00000040328
98.graph	12636	13	13	2	2	2	2	2	2	0.0007827282	0.0000562668	0	15	ENSMUSG00000036452
38.graph	150	16	17	3	4	2	2	2	2	0.0009469986	0.0000884533	0	15	ENSMUSG00000025977
38.graph	1515	13	16	4	7	3	3	3	3	0.0010268688	0.0001566410	0	15	ENSMUSG00000068205
38.graph	4316	9	11	4	6	2	2	2	2	0.0007817745	0.0001158714	0	15	ENSMUSG00000072754
38.graph	5624	9	12	3	6	3	3	3	3	0.0008707047	0.0001592636	0	15	ENSMUSG00000044709
38.graph	5989	11	12	3	4	2	2	2	2	0.0007779598	0.0000874996	0	15	ENSMUSG00000030851
52.graph	230	18	22	4	8	3	3	3	3	0.0012488365	0.0001890659	0	15	ENSMUSG00000006299
52.graph	664	14	20	6	12	3	3	3	3	0.0014193058	0.0002863407	0	15	ENSMUSG00000026659
52.graph	2030	19	23	4	8	3	3	3	3	0.0014171600	0.0001945496	0	15	ENSMUSG00000036198
52.graph	2683	13	19	5	11	4	4	4	4	0.0016658306	0.0006537437	0	15	ENSMUSG00000028042
52.graph	3543	23	25	4	6	2	2	2	2	0.0012695789	0.0001163483	0	15	ENSMUSG00000000085
52.graph	11776	14	15	3	4	2	2	2	2	0.0008811951	0.0002171993	0	15	ENSMUSG00000022724
77.graph	4006	21	22	3	4	2	2	2	2	0.0011575222	0.0000874996	0	15	ENSMUSG00000010721
77.graph	5498	21	30	5	14	5	5	5	5	0.0049502850	0.0034117699	0	15	ENSMUSG00000030232
77.graph	6506	14	16	4	6	2	2	2	2	0.0009491444	0.0001177788	0	15	ENSMUSG00000030867
77.graph	12048	21	33	6	18	6	6	6	6	0.0156605244	0.0138883591	0	15	ENSMUSG00000079557
46.graph	631	10	12	4	6	2	2	2	2	0.0007925034	0.0001232624	0	15	ENSMUSG00000038421
46.graph	1834	6	7	3	4	2	2	2	2	0.0005974770	0.0000877380	0	15	ENSMUSG00000089951
46.graph	1890	12	17	4	9	3	3	3	3	0.0011053085	0.0002257824	0	15	ENSMUSG00000027584
46.graph	2864	15	17	4	6	3	2	3	3	0.0013623238	0.0002322197	0	15	ENSMUSG00000048938
46.graph	7482	37	43	5	11	4	4	4	4	0.0022838116	0.0004251003	0	15	ENSMUSG00000039375
46.graph	8880	49	54	5	10	3	3	3	3	0.0024878979	0.0002593994	0	15	ENSMUSG00000032410
59.graph	915	13	14	3	4	2	2	2	2	0.0008590221	0.0000872612	0	15	ENSMUSG00000026835
59.graph	2251	27	40	6	19	6	6	6	6	0.0134735107	0.0114443302	0	15	ENSMUSG00000031256
59.graph	4278	34	38	5	9	3	3	3	3	0.0019173622	0.0002610683	0	15	ENSMUSG00000062234
59.graph	5418	17	26	6	15	4	4	4	4	0.0021791458	0.0009191036	0	15	ENSMUSG00000032641
59.graph	6104	15	18	4	7	3	3	3	3	0.0011000633	0.0001547337	0	15	ENSMUSG00000030546
59.graph	12850	6	7	3	4	2	2	2	2	0.0006005764	0.0000858307	0	15	ENSMUSG00000024939
41.graph	2107	33	35	4	6	2	2	2	2	0.0016543865	0.0001170635	0	15	ENSMUSG00000031391
41.graph	2489	20	25	6	11	3	3	3	3	0.0015151501	0.0003738403	0	15	ENSMUSG00000047696
41.graph	4257	37	46	6	15	4	4	4	4	0.0029876232	0.0010190010	0	15	ENSMUSG00000035325
41.graph	6415	18	20	4	6	2	2	2	2	0.0011024475	0.0001158714	0	15	ENSMUSG00000044702
41.graph	7616	19	20	3	4	2	2	2	2	0.0010790825	0.0000886917	0	15	ENSMUSG00000050079
99.graph	795	18	28	5	15	5	5	5	5	0.0045430660	0.0031435490	0	15	ENSMUSG00000023206
99.graph	1473	13	14	3	4	2	2	2	2	0.0008425713	0.0000920296	0	15	ENSMUSG00000050468
99.graph	2580	20	21	3	4	2	2	2	2	0.0010993481	0.0000860691	0	15	ENSMUSG00000033981
99.graph	3751	10	12	4	6	2	2	2	2	0.0008053780	0.0001146793	0	15	ENSMUSG00000029451
99.graph	5165	6	6	2	2	2	2	2	2	0.0005288124	0.0000560284	0	15	ENSMUSG00000062818
99.graph	9085	40	46	7	13	3	3	3	3	0.0024003983	0.0002498627	0	15	ENSMUSG00000023764
99.graph	9500	12	17	5	10	4	4	4	4	0.0015079975	0.0005867481	0	15	ENSMUSG00000018449
99.graph	9646	11	15	4	8	3	3	3	3	0.0010404587	0.0002291203	0	15	ENSMUSG00000020684
99.graph	11017	8	9	3	4	2	2	2	2	0.0006723404	0.0000882149	0	15	ENSMUSG00000039168
99.graph	11809	27	28	3	4	2	2	2	2	0.0013506413	0.0000934601	0	15	ENSMUSG00000014039
61.graph	666	16	20	4	8	3	3	3	3	0.0011661053	0.0001890659	0	15	ENSMUSG00000090272
61.graph	1629	19	21	4	6	2	2	2	2	0.0011148453	0.0001156330	0	15	ENSMUSG00000059842
61.graph	4486	17	19	4	6	2	2	2	2	0.0010535717	0.0001149178	0	15	ENSMUSG00000040751
61.graph	4765	21	25	4	8	4	4	4	4	0.0015656948	0.0003509521	0	15	ENSMUSG00000051855
61.graph	4893	7	8	3	4	2	2	2	2	0.0006263256	0.0000870228	0	15	ENSMUSG00000038236
61.graph	5905	10	11	3	4	2	2	2	2	0.0007255077	0.0002048016	0	15	ENSMUSG00000004610
61.graph	6349	25	26	3	4	2	2	2	2	0.0012631416	0.0000863075	0	15	ENSMUSG00000045659
32.graph	8131	9	10	3	4	2	2	2	2	0.0007085800	0.0000867844	0	15	ENSMUSG00000095528
32.graph	8694	6	7	3	4	2	2	2	2	0.0006012917	0.0000879765	0	15	ENSMUSG00000053128
32.graph	10467	8	9	3	4	2	2	2	2	0.0006794930	0.0000865459	0	15	ENSMUSG00000048280
26.graph	584	17	26	7	16	5	5	5	5	0.0051543713	0.0038714409	0	15	ENSMUSG00000026708
26.graph	6402	11	11	2	2	2	2	2	2	0.0007104874	0.0000562668	0	15	ENSMUSG00000090215
26.graph	7733	24	28	6	10	2	2	2	2	0.0014853477	0.0001776218	0	15	ENSMUSG00000052616
26.graph	12077	8	9	3	4	2	2	2	2	0.0006642342	0.0000860691	0	15	ENSMUSG00000024038
68.graph	1272	5	5	2	2	2	2	2	2	0.0004880428	0.0000562668	0	15	ENSMUSG00000061295
68.graph	3332	15	19	4	8	3	3	3	3	0.0011553764	0.0002257824	0	15	ENSMUSG00000028483
68.graph	4167	17	22	5	10	3	3	3	3	0.0012969971	0.0002634525	0	15	ENSMUSG00000029228
68.graph	4829	15	17	4	6	2	2	2	2	0.0009713173	0.0001144409	0	15	ENSMUSG00000001642
68.graph	6125	12	17	4	9	3	3	3	3	0.0010831356	0.0002250671	0	15	ENSMUSG00000039236
68.graph	7231	23	25	4	6	2	2	2	2	0.0012531281	0.0001161098	0	15	ENSMUSG00000044005
68.graph	7617	13	19	5	11	3	3	3	3	0.0012059212	0.0002911091	0	15	ENSMUSG00000003812
40.graph	798	14	15	3	4	2	2	2	2	0.0008931160	0.0000867844	0	15	ENSMUSG00000039449
13.graph	275	9	11	4	6	2	2	2	2	0.0007810593	0.0001184940	0	15	ENSMUSG00000032997
13.graph	437	32	36	4	8	3	3	3	3	0.0017735958	0.0001938343	0	15	ENSMUSG00000056211
13.graph	2255	51	53	4	6	2	2	2	2	0.0023188591	0.0001168251	0	15	ENSMUSG00000079487
13.graph	5467	10	11	3	4	2	2	2	2	0.0007350445	0.0000929832	0	15	ENSMUSG00000030213
13.graph	5922	15	16	3	4	2	2	2	2	0.0009381771	0.0000927448	0	15	ENSMUSG00000061099
13.graph	9375	11	12	3	4	2	2	2	2	0.0007815361	0.0000872612	0	15	ENSMUSG00000042569
44.graph	5057	17	18	3	4	2	2	2	2	0.0009958744	0.0000863075	0	15	ENSMUSG00000033720
44.graph	5499	9	10	3	4	2	2	2	2	0.0007169247	0.0000863075	0	15	ENSMUSG00000030443
42.graph	4180	7	7	2	2	2	2	2	2	0.0005695820	0.0000562668	0	15	ENSMUSG00000029281
42.graph	6673	8	9	3	4	2	2	2	2	0.0006639957	0.0000865459	0	15	ENSMUSG00000045777
42.graph	10677	14	19	5	10	3	3	3	3	0.0012228489	0.0002937317	0	15	ENSMUSG00000079036
42.graph	12226	35	37	4	6	2	2	2	2	0.0017004013	0.0001165867	0	15	ENSMUSG00000001870
94.graph	1358	19	23	5	9	3	3	3	3	0.0013909340	0.0002963543	0	15	ENSMUSG00000027210
94.graph	5162	14	19	5	10	3	3	3	3	0.0012123585	0.0002570152	0	15	ENSMUSG00000033216
94.graph	5520	13	15	4	6	2	2	2	2	0.0009565353	0.0001163483	0	15	ENSMUSG00000074419
94.graph	11690	8	9	3	4	2	2	2	2	0.0006675720	0.0000874996	0	15	ENSMUSG00000090629
76.graph	3582	12	14	4	6	2	2	2	2	0.0008790493	0.0001177788	0	15	ENSMUSG00000028646
76.graph	4789	9	10	3	4	2	2	2	2	0.0007047653	0.0000870228	0	15	ENSMUSG00000041390
76.graph	10647	9	12	3	6	3	3	3	3	0.0008664131	0.0001609325	0	15	ENSMUSG00000020653
76.graph	11303	8	9	3	4	2	2	2	2	0.0006701946	0.0000882149	0	15	ENSMUSG00000022415
76.graph	12253	10	11	3	4	2	2	2	2	0.0007414818	0.0000877380	0	15	ENSMUSG00000054128
10.graph	900	18	24	5	11	4	4	4	4	0.0019614697	0.0008189678	0	15	ENSMUSG00000026921
10.graph	3040	23	30	4	11	4	4	4	4	0.0021960735	0.0008294582	0	15	ENSMUSG00000063052
10.graph	8969	12	13	3	4	2	2	2	2	0.0008208752	0.0000872612	0	15	ENSMUSG00000039285
10.graph	11597	12	14	4	6	2	2	2	2	0.0008823872	0.0001165867	0	15	ENSMUSG00000022664
10.graph	12203	11	13	4	6	2	2	2	2	0.0008487701	0.0001170635	0	15	ENSMUSG00000040771
54.graph	5848	15	17	4	6	2	2	2	2	0.0009853840	0.0001158714	0	15	ENSMUSG00000005547
54.graph	8122	6	7	2	3	3	3	3	3	0.0006413460	0.0000927448	0	15	ENSMUSG00000037536
8.graph	1458	36	43	7	14	3	3	3	3	0.0022473335	0.0002834797	0	15	ENSMUSG00000033852
8.graph	4083	14	17	3	6	3	3	3	3	0.0010380745	0.0001649857	0	15	ENSMUSG00000029110
8.graph	5462	10	11	3	4	2	2	2	2	0.0007441044	0.0000865459	0	15	ENSMUSG00000030200
8.graph	6237	8	9	3	4	2	2	2	2	0.0006701946	0.0000874996	0	15	ENSMUSG00000062797
8.graph	7068	29	42	7	20	6	6	6	6	0.0136163235	0.0115590096	0	15	ENSMUSG00000006498
8.graph	10022	41	47	5	11	4	4	4	4	0.0027132034	0.0007286072	0	15	ENSMUSG00000020721
8.graph	12047	8	10	4	6	2	2	2	2	0.0007314682	0.0001225471	0	15	ENSMUSG00000071192
8.graph	12355	28	30	4	6	2	2	2	2	0.0014443398	0.0001156330	0	15	ENSMUSG00000023999
82.graph	939	11	13	3	5	3	3	3	3	0.0008864403	0.0001337528	0	15	ENSMUSG00000026853
82.graph	3368	14	19	4	9	4	4	4	4	0.0013465881	0.0003592968	0	15	ENSMUSG00000028621
82.graph	7590	18	21	5	8	2	2	2	2	0.0011711121	0.0001575947	0	15	ENSMUSG00000036779
64.graph	3357	10	14	5	9	3	3	3	3	0.0010480881	0.0003023148	0	15	ENSMUSG00000038330
64.graph	4045	14	21	4	11	4	4	4	4	0.0018863678	0.0008203983	0	15	ENSMUSG00000070858
64.graph	5694	14	20	4	10	4	4	4	4	0.0015296936	0.0005164146	0	15	ENSMUSG00000002985
64.graph	5764	12	15	4	7	3	3	3	3	0.0010328293	0.0002317429	0	15	ENSMUSG00000040952
64.graph	11259	18	20	4	6	2	2	2	2	0.0010893345	0.0001158714	0	15	ENSMUSG00000022439
64.graph	11900	11	14	4	7	3	3	3	3	0.0009982586	0.0002300739	0	15	ENSMUSG00000059142
64.graph	12016	14	17	3	6	3	3	3	3	0.0010392666	0.0001592636	0	15	ENSMUSG00000005936
97.graph	6743	10	11	3	4	2	2	2	2	0.0007705688	0.0000879765	0	15	ENSMUSG00000039166
97.graph	8320	25	26	3	4	2	2	2	2	0.0012795925	0.0000872612	0	15	ENSMUSG00000022119
97.graph	12396	14	15	3	4	2	2	2	2	0.0008888245	0.0000865459	0	15	ENSMUSG00000095141
97.graph	12557	10	12	3	5	3	3	3	3	0.0008735657	0.0001630783	0	15	ENSMUSG00000051375
31.graph	3844	25	30	6	11	3	3	3	3	0.0017044544	0.0003700256	0	15	ENSMUSG00000029034
31.graph	4328	9	10	3	4	2	2	2	2	0.0007095337	0.0000917912	0	15	ENSMUSG00000029507
31.graph	4781	24	29	5	10	3	3	3	3	0.0016045570	0.0002608299	0	15	ENSMUSG00000029782
31.graph	6202	8	11	3	6	3	3	3	3	0.0008289814	0.0001609325	0	15	ENSMUSG00000039405
31.graph	9882	13	14	3	4	2	2	2	2	0.0008411407	0.0000936985	0	15	ENSMUSG00000056938
31.graph	10020	19	21	4	6	2	2	2	2	0.0011506081	0.0002582073	0	15	ENSMUSG00000017132
31.graph	10560	13	18	5	10	3	3	3	3	0.0011789799	0.0002613068	0	15	ENSMUSG00000062563
31.graph	12922	18	23	5	10	3	3	3	3	0.0013484955	0.0002231598	0	15	ENSMUSG00000039652
49.graph	4526	16	18	4	6	2	2	2	2	0.0010344982	0.0001168251	0	15	ENSMUSG00000004947
49.graph	13226	51	61	9	19	4	4	4	4	0.0040190220	0.0014643669	0	15	ENSMUSG00000049134
62.graph	54	12	16	4	8	3	3	3	3	0.0010681152	0.0002350807	0	15	ENSMUSG00000026156
62.graph	1452	40	52	7	19	5	5	5	5	0.0040812492	0.0017032623	0	15	ENSMUSG00000043909
62.graph	2162	16	17	3	4	2	2	2	2	0.0009632111	0.0000874996	0	15	ENSMUSG00000031403
62.graph	4799	9	9	2	2	2	2	2	2	0.0006403923	0.0000572205	0	15	ENSMUSG00000000416
62.graph	7891	16	18	4	6	2	2	2	2	0.0010361671	0.0001173019	0	15	ENSMUSG00000006362
35.graph	1139	355	387	17	49	9	9	9	9	4.3943536282	4.3458058834	0	15	ENSMUSG00000051747
35.graph	1441	11	12	3	4	2	2	2	2	0.0007677078	0.0000867844	0	15	ENSMUSG00000027254
35.graph	1447	16	17	3	4	2	2	2	2	0.0009491444	0.0000860691	0	15	ENSMUSG00000027246
35.graph	3168	15	16	3	4	2	2	2	2	0.0009055138	0.0000860691	0	15	ENSMUSG00000028454
35.graph	5105	19	26	5	12	4	4	4	4	0.0020303726	0.0008065701	0	15	ENSMUSG00000030007
35.graph	6866	12	14	4	6	3	2	3	3	0.0015039444	0.0002319813	0	15	ENSMUSG00000020101
35.graph	7023	14	16	4	6	2	2	2	2	0.0009455681	0.0001161098	0	15	ENSMUSG00000020211
35.graph	12706	25	27	4	6	2	2	2	2	0.0013632774	0.0001244545	0	15	ENSMUSG00000053644
83.graph	958	19	23	4	8	3	3	3	3	0.0013017654	0.0002281666	0	15	ENSMUSG00000039648
83.graph	3533	11	13	4	6	2	2	2	2	0.0008518696	0.0001158714	0	15	ENSMUSG00000028540
83.graph	4281	21	27	4	10	4	4	4	4	0.0019135475	0.0005195141	0	15	ENSMUSG00000034724
83.graph	6752	13	14	3	4	2	2	2	2	0.0008368492	0.0000879765	0	15	ENSMUSG00000019850
83.graph	8105	41	42	3	4	2	2	2	2	0.0018515587	0.0000872612	0	15	ENSMUSG00000053754
83.graph	12101	7	7	2	2	2	2	2	2	0.0005600452	0.0000574589	0	15	ENSMUSG00000096727
20.graph	3620	14	16	4	6	2	2	2	2	0.0009524822	0.0002517700	0	15	ENSMUSG00000053730
20.graph	5670	10	12	4	6	2	2	2	2	0.0008194447	0.0001177788	0	15	ENSMUSG00000041375
20.graph	7743	17	19	4	6	2	2	2	2	0.0010647774	0.0001173019	0	15	ENSMUSG00000062181
20.graph	8356	13	15	4	6	2	2	2	2	0.0009255409	0.0001173019	0	15	ENSMUSG00000022044
20.graph	9224	18	21	5	8	2	2	2	2	0.0011758804	0.0002713203	0	15	ENSMUSG00000020160
20.graph	12769	26	27	3	4	2	2	2	2	0.0013275146	0.0000870228	0	15	ENSMUSG00000024621
25.graph	181	20	24	4	8	3	3	3	3	0.0013265610	0.0001964569	0	15	ENSMUSG00000026019
25.graph	220	58	69	7	18	6	5	6	6	0.0430035591	0.0214731693	0	15	ENSMUSG00000026193
25.graph	2330	33	36	5	8	2	2	2	2	0.0016801357	0.0001459122	0	15	ENSMUSG00000025332
25.graph	2438	8	10	4	6	2	2	2	2	0.0007295609	0.0001163483	0	15	ENSMUSG00000054988
25.graph	3194	19	24	5	10	3	3	3	3	0.0013866425	0.0002589226	0	15	ENSMUSG00000035495
25.graph	7379	17	19	4	6	2	2	2	2	0.0010557175	0.0001163483	0	15	ENSMUSG00000031596
25.graph	8147	16	18	4	6	2	2	2	2	0.0010240078	0.0001158714	0	15	ENSMUSG00000023110
25.graph	11579	21	22	3	4	2	2	2	2	0.0011274815	0.0000870228	0	15	ENSMUSG00000022805
25.graph	11720	36	41	5	10	3	3	3	3	0.0020000935	0.0002329350	0	15	ENSMUSG00000022957
19.graph	950	22	31	7	16	5	5	5	5	0.0029201508	0.0013673306	0	15	ENSMUSG00000026853
19.graph	3995	15	15	2	2	2	2	2	2	0.0008652210	0.0000553131	0	15	ENSMUSG00000038564
19.graph	5719	39	46	5	12	4	4	4	4	0.0026707649	0.0006887913	0	15	ENSMUSG00000040940
19.graph	10344	9	12	3	6	3	3	3	3	0.0008661747	0.0001590252	0	15	ENSMUSG00000069171
80.graph	285	12	14	4	6	2	2	2	2	0.0008852482	0.0001177788	0	15	ENSMUSG00000052477
80.graph	5606	13	14	3	4	2	2	2	2	0.0008428097	0.0000865459	0	15	ENSMUSG00000034087
23.graph	703	25	30	4	9	3	3	3	3	0.0015668869	0.0002243519	0	15	ENSMUSG00000026527
23.graph	5445	31	32	3	4	2	2	2	2	0.0014772415	0.0000858307	0	15	ENSMUSG00000030223
23.graph	6530	13	15	4	6	2	2	2	2	0.0008993149	0.0001165867	0	15	ENSMUSG00000057176
60.graph	2553	24	25	3	4	2	2	2	2	0.0012648106	0.0000882149	0	15	ENSMUSG00000063273
60.graph	5348	20	23	4	7	3	3	3	3	0.0014212132	0.0001926422	0	15	ENSMUSG00000030109
60.graph	8423	13	15	4	6	2	2	2	2	0.0009179115	0.0001165867	0	15	ENSMUSG00000079084
48.graph	1498	21	30	5	14	5	5	5	5	0.0049903393	0.0035486221	0	15	ENSMUSG00000027361
48.graph	1833	9	10	3	4	2	2	2	2	0.0006988049	0.0000879765	0	15	ENSMUSG00000078887
48.graph	2202	11	11	2	2	2	2	2	2	0.0007181168	0.0000565052	0	15	ENSMUSG00000035246
48.graph	6803	15	18	3	6	3	3	3	3	0.0010738373	0.0001676083	0	15	ENSMUSG00000019850
48.graph	11162	16	17	3	4	2	2	2	2	0.0009443760	0.0000932217	0	15	ENSMUSG00000055827
48.graph	11288	15	17	4	6	2	2	2	2	0.0009820461	0.0001170635	0	15	ENSMUSG00000022401
48.graph	11377	34	36	4	6	2	2	2	2	0.0016481876	0.0001158714	0	15	ENSMUSG00000022469
86.graph	843	12	18	5	11	3	3	3	3	0.0011954308	0.0002920628	0	15	ENSMUSG00000048550
86.graph	1796	16	18	3	5	3	3	3	3	0.0010914803	0.0002987385	0	15	ENSMUSG00000027544
86.graph	3828	19	23	4	8	3	3	3	3	0.0012955666	0.0001916885	0	15	ENSMUSG00000063524
86.graph	5839	26	29	5	8	2	2	2	2	0.0014500618	0.0001473427	0	15	ENSMUSG00000037552
86.graph	9382	12	14	4	6	2	2	2	2	0.0008864403	0.0001175404	0	15	ENSMUSG00000013646
86.graph	9746	8	9	3	4	2	2	2	2	0.0006690025	0.0000874996	0	15	ENSMUSG00000020544
36.graph	671	20	24	4	8	3	3	3	3	0.0013577938	0.0003347397	0	15	ENSMUSG00000026554
36.graph	4518	35	43	8	16	3	3	3	3	0.0021955967	0.0004251003	0	15	ENSMUSG00000049550
36.graph	6221	28	30	4	6	2	2	2	2	0.0014388561	0.0001165867	0	15	ENSMUSG00000052572
36.graph	7984	10	14	4	8	3	3	3	3	0.0009706020	0.0001907349	0	15	ENSMUSG00000058351
36.graph	11135	20	22	3	5	3	3	3	3	0.0018675327	0.0001876354	0	15	ENSMUSG00000059323
36.graph	11327	24	28	4	8	3	3	3	3	0.0014803410	0.0002362728	0	15	ENSMUSG00000023030
36.graph	12235	12	14	4	6	2	2	2	2	0.0008726120	0.0001168251	0	15	ENSMUSG00000034729
3.graph	1903	51	52	3	4	2	2	2	2	0.0021739006	0.0000870228	0	15	ENSMUSG00000031142
3.graph	2696	21	27	5	11	4	4	4	4	0.0016896725	0.0003919601	0	15	ENSMUSG00000027942
3.graph	3281	24	25	3	4	2	2	2	2	0.0012543201	0.0000863075	0	15	ENSMUSG00000066151
3.graph	4434	10	12	4	6	2	2	2	2	0.0008056164	0.0001161098	0	15	ENSMUSG00000066867
3.graph	5042	5	5	2	2	2	2	2	2	0.0004847050	0.0000565052	0	15	ENSMUSG00000096515
3.graph	6463	35	38	5	8	2	2	2	2	0.0017800331	0.0001451969	0	15	ENSMUSG00000030982
3.graph	8684	34	44	7	17	5	5	5	5	0.0033719540	0.0013911724	0	15	ENSMUSG00000048537
3.graph	10456	7	7	2	2	2	2	2	2	0.0005497932	0.0000560284	0	15	ENSMUSG00000090659
37.graph	2106	13	15	4	6	2	2	2	2	0.0009219646	0.0001168251	0	15	ENSMUSG00000057836
37.graph	2275	29	34	5	10	3	3	3	3	0.0017726421	0.0002248287	0	15	ENSMUSG00000031410
37.graph	2490	14	18	4	8	3	3	3	3	0.0011389256	0.0001888275	0	15	ENSMUSG00000027708
37.graph	7444	19	21	4	6	2	2	2	2	0.0011482239	0.0001168251	0	15	ENSMUSG00000031591
15.graph	8328	30	31	3	4	2	2	2	2	0.0014507771	0.0000870228	0	15	ENSMUSG00000033487
15.graph	8980	13	18	4	9	3	3	3	3	0.0011432171	0.0002365112	0	15	ENSMUSG00000032599
15.graph	9896	32	39	5	12	4	4	4	4	0.0023393631	0.0006732941	0	15	ENSMUSG00000017119
96.graph	303	50	57	6	13	4	4	4	4	0.0028328896	0.0005497932	0	15	ENSMUSG00000026219
96.graph	7985	40	48	6	14	4	3	4	4	0.0036916733	0.0015153885	0	15	ENSMUSG00000063142
96.graph	8969	11	13	4	6	2	2	2	2	0.0008378029	0.0001165867	0	15	ENSMUSG00000023192
96.graph	10447	7	8	3	4	2	2	2	2	0.0006244183	0.0000879765	0	15	ENSMUSG00000051037
93.graph	5536	8	9	3	4	2	2	2	2	0.0006763935	0.0000877380	0	15	ENSMUSG00000055150
93.graph	6033	34	45	8	19	5	5	5	5	0.0050652027	0.0030567646	0	15	ENSMUSG00000014418
93.graph	12278	17	19	4	6	2	2	2	2	0.0010643005	0.0001254082	0	15	ENSMUSG00000003199
92.graph	2381	26	29	3	6	3	3	3	3	0.0014879704	0.0001583099	0	15	ENSMUSG00000031292
92.graph	3559	15	15	2	2	2	2	2	2	0.0008540154	0.0000572205	0	15	ENSMUSG00000042388
92.graph	4807	15	18	5	8	2	2	2	2	0.0010707378	0.0001463890	0	15	ENSMUSG00000039130
92.graph	5685	13	13	2	2	2	2	2	2	0.0007846355	0.0000567436	0	15	ENSMUSG00000030401
92.graph	6673	19	23	4	8	3	3	3	3	0.0013334751	0.0002357960	0	15	ENSMUSG00000038637
92.graph	9451	7	9	4	6	2	2	2	2	0.0006995201	0.0001163483	0	15	ENSMUSG00000069874
92.graph	11709	13	15	4	6	2	2	2	2	0.0009186268	0.0001175404	0	15	ENSMUSG00000022848
69.graph	437	7	9	4	6	2	2	2	2	0.0006995201	0.0001175404	0	15	ENSMUSG00000045382
69.graph	2381	19	25	6	12	3	3	3	3	0.0014607906	0.0003881454	0	15	ENSMUSG00000025272
69.graph	3210	20	24	4	8	4	4	4	4	0.0017206669	0.0005557537	0	15	ENSMUSG00000078716
69.graph	4223	16	17	3	4	2	2	2	2	0.0009574890	0.0000879765	0	15	ENSMUSG00000029405
69.graph	4238	8	9	3	4	2	2	2	2	0.0006668568	0.0000882149	0	15	ENSMUSG00000096230
69.graph	8876	17	25	5	13	4	4	4	4	0.0020618439	0.0008616447	0	15	ENSMUSG00000032425
69.graph	9383	9	11	4	6	2	2	2	2	0.0007741451	0.0001175404	0	15	ENSMUSG00000049755
69.graph	9707	59	60	3	4	2	2	2	2	0.0024688244	0.0000874996	0	15	ENSMUSG00000020532
69.graph	10533	10	11	3	4	2	2	2	2	0.0007321835	0.0000927448	0	15	ENSMUSG00000021645
69.graph	11969	10	14	4	8	3	3	3	3	0.0009717941	0.0001914501	0	15	ENSMUSG00000024121
27.graph	610	14	16	4	6	2	2	2	2	0.0009372234	0.0001225471	0	15	ENSMUSG00000005763
27.graph	2484	21	23	4	6	2	2	2	2	0.0011975765	0.0001182556	0	15	ENSMUSG00000027722
27.graph	5866	36	48	7	19	5	5	5	5	0.0040111542	0.0020933151	0	15	ENSMUSG00000030583
27.graph	8723	24	26	4	6	2	2	2	2	0.0013008118	0.0001163483	0	15	ENSMUSG00000037716
27.graph	10942	6	7	3	4	2	2	2	2	0.0005853176	0.0000870228	0	15	ENSMUSG00000094174
1.graph	2487	27	30	3	6	3	3	3	3	0.0015122890	0.0001587868	0	15	ENSMUSG00000025757
1.graph	7224	23	27	4	8	3	3	3	3	0.0014693737	0.0002267361	0	15	ENSMUSG00000044005
1.graph	8778	24	36	6	18	7	7	7	7	0.2629017830	0.2544286251	0	15	ENSMUSG00000032366
1.graph	9793	14	15	2	3	3	3	3	3	0.0009200573	0.0000936985	0	15	ENSMUSG00000037992
84.graph	928	20	26	6	12	3	3	3	3	0.0015947819	0.0002496243	0	15	ENSMUSG00000026925
84.graph	5485	26	30	4	8	3	3	3	3	0.0015227795	0.0001962185	0	15	ENSMUSG00000030263
84.graph	6499	12	13	3	4	2	2	2	2	0.0007965565	0.0000865459	0	15	ENSMUSG00000030699
84.graph	10482	19	25	4	10	4	4	4	4	0.0017228127	0.0005140305	0	15	ENSMUSG00000007617
90.graph	1018	12	14	4	6	2	2	2	2	0.0008754730	0.0001158714	0	15	ENSMUSG00000026887
90.graph	2223	6	7	3	4	2	2	2	2	0.0005953312	0.0000855923	0	15	ENSMUSG00000049191
90.graph	2293	7	8	3	4	2	2	2	2	0.0006461143	0.0000860691	0	15	ENSMUSG00000054034
90.graph	2558	12	18	4	10	4	4	4	4	0.0015985966	0.0006413460	0	15	ENSMUSG00000036381
90.graph	2985	20	25	6	11	3	3	3	3	0.0014379025	0.0002183914	0	15	ENSMUSG00000050150
90.graph	5970	13	14	3	4	2	2	2	2	0.0008468628	0.0000858307	0	15	ENSMUSG00000052997
90.graph	6909	9	10	3	4	2	2	2	2	0.0007107258	0.0000860691	0	15	ENSMUSG00000019876
90.graph	11028	15	21	4	10	4	4	4	4	0.0015733242	0.0005156994	0	15	ENSMUSG00000064373
90.graph	11686	31	46	4	19	8	8	8	8	1.1223065853	1.1043045521	0	15	ENSMUSG00000022708
90.graph	11860	21	27	6	12	3	3	3	3	0.0015435219	0.0002946854	0	15	ENSMUSG00000071322
90.graph	12568	29	34	4	9	4	4	4	4	0.0018904209	0.0003473759	0	15	ENSMUSG00000044252
17.graph	1873	10	13	3	6	3	3	3	3	0.0009033680	0.0001628399	0	15	ENSMUSG00000078875
17.graph	3026	20	26	6	12	3	3	3	3	0.0015459061	0.0003657341	0	15	ENSMUSG00000040998
17.graph	5532	14	14	2	2	2	2	2	2	0.0008339882	0.0000562668	0	15	ENSMUSG00000030268
17.graph	10481	27	31	4	8	3	3	3	3	0.0015826225	0.0001938343	0	15	ENSMUSG00000021596
67.graph	55	12	18	4	10	4	4	4	4	0.0015871525	0.0005159378	0	15	ENSMUSG00000086727
67.graph	2968	8	9	3	4	2	2	2	2	0.0006756783	0.0000853539	0	15	ENSMUSG00000039887
67.graph	3077	41	60	9	28	7	6	7	7	0.4401581287	0.4278419018	0	15	ENSMUSG00000028184
67.graph	10360	20	21	3	4	2	2	2	2	0.0010900497	0.0000863075	0	15	ENSMUSG00000021451
67.graph	11738	26	28	4	6	2	2	2	2	0.0014011860	0.0001161098	0	15	ENSMUSG00000033031
4.graph	22	30	36	5	11	4	4	4	4	0.0020487309	0.0004286766	0	15	ENSMUSG00000016918
4.graph	1672	24	33	5	14	5	5	5	5	0.0053193569	0.0037066936	0	15	ENSMUSG00000074646
4.graph	4014	14	17	4	7	3	3	3	3	0.0010857582	0.0001931190	0	15	ENSMUSG00000029151
4.graph	4482	15	21	4	10	4	4	4	4	0.0015807152	0.0005223751	0	15	ENSMUSG00000013936
4.graph	5545	10	12	4	6	2	2	2	2	0.0008168221	0.0001168251	0	15	ENSMUSG00000053338
4.graph	13050	14	16	4	6	2	2	2	2	0.0009472370	0.0001230240	0	15	ENSMUSG00000025193
65.graph	268	15	18	5	8	2	2	2	2	0.0010571480	0.0001461506	0	15	ENSMUSG00000026150
65.graph	3939	22	23	3	4	2	2	2	2	0.0011844635	0.0000860691	0	15	ENSMUSG00000040254
65.graph	6255	19	20	3	4	2	2	2	2	0.0010597706	0.0000860691	0	15	ENSMUSG00000039428
65.graph	9224	15	20	4	9	3	3	3	3	0.0012116432	0.0002264977	0	15	ENSMUSG00000041073
65.graph	10075	9	10	3	4	2	2	2	2	0.0006911755	0.0000922680	0	15	ENSMUSG00000020736
65.graph	11092	10	11	3	4	2	2	2	2	0.0007407665	0.0000870228	0	15	ENSMUSG00000022235
65.graph	11418	20	26	6	12	3	3	3	3	0.0015246868	0.0003280640	0	15	ENSMUSG00000009739
65.graph	11601	13	16	5	8	2	2	2	2	0.0009970665	0.0001468658	0	15	ENSMUSG00000033809
65.graph	12151	15	18	3	6	3	3	3	3	0.0010735989	0.0001592636	0	15	ENSMUSG00000034673
55.graph	1700	15	15	2	2	2	2	2	2	0.0008630753	0.0000569820	0	15	ENSMUSG00000037754
55.graph	5359	13	15	4	6	2	2	2	2	0.0009243488	0.0001175404	0	15	ENSMUSG00000004446
55.graph	6471	13	18	3	8	4	4	4	4	0.0014402866	0.0004854202	0	15	ENSMUSG00000008683
55.graph	8001	24	25	3	4	2	2	2	2	0.0012655258	0.0000884533	0	15	ENSMUSG00000040818
14.graph	5101	31	33	4	6	2	2	2	2	0.0015718937	0.0001215935	0	15	ENSMUSG00000053470
14.graph	6235	17	18	3	4	2	2	2	2	0.0010025501	0.0000851154	0	15	ENSMUSG00000035547
14.graph	11989	39	41	4	6	2	2	2	2	0.0018620491	0.0001161098	0	15	ENSMUSG00000024112
14.graph	12105	6	7	3	4	2	2	2	2	0.0006132126	0.0000855923	0	15	ENSMUSG00000051390
56.graph	8711	19	20	3	4	2	2	2	2	0.0010480881	0.0000927448	0	15	ENSMUSG00000053199
56.graph	10068	17	22	5	10	3	3	3	3	0.0012793541	0.0002200603	0	15	ENSMUSG00000020781
56.graph	11751	9	9	2	2	2	2	2	2	0.0006418228	0.0000565052	0	15	ENSMUSG00000050312
81.graph	696	5	5	2	2	2	2	2	2	0.0004897118	0.0000565052	0	15	ENSMUSG00000049528
81.graph	3194	9	9	2	2	2	2	2	2	0.0006399155	0.0000550747	0	15	ENSMUSG00000066224
81.graph	8901	24	32	6	14	4	4	4	4	0.0021214485	0.0005013943	0	15	ENSMUSG00000032411
81.graph	10124	12	14	4	6	2	2	2	2	0.0008850098	0.0001173019	0	15	ENSMUSG00000039294
81.graph	10728	13	15	3	5	3	3	3	3	0.0010070801	0.0001695156	0	15	ENSMUSG00000021055
81.graph	11536	33	33	2	2	2	2	2	2	0.0015141964	0.0000565052	0	15	ENSMUSG00000041215
43.graph	1851	17	19	4	6	2	2	2	2	0.0010519028	0.0001237392	0	15	ENSMUSG00000005883
43.graph	2247	15	21	6	12	3	3	3	3	0.0013244152	0.0003297329	0	15	ENSMUSG00000031310
43.graph	3270	6	7	3	4	2	2	2	2	0.0005927086	0.0000867844	0	15	ENSMUSG00000039611
43.graph	7608	19	24	6	11	3	3	3	3	0.0014045238	0.0002222061	0	15	ENSMUSG00000036054
43.graph	9041	15	16	3	4	2	2	2	2	0.0010294914	0.0000891685	0	15	ENSMUSG00000032577
43.graph	9565	13	19	6	12	3	3	3	3	0.0012433529	0.0002932549	0	15	ENSMUSG00000060938
43.graph	13074	12	18	4	10	4	4	4	4	0.0018732548	0.0009369850	0	15	ENSMUSG00000034659
39.graph	10252	11	13	4	6	2	2	2	2	0.0008437634	0.0001177788	0	15	ENSMUSG00000021327
39.graph	12038	49	53	6	10	2	2	2	2	0.0023624897	0.0001766682	0	15	ENSMUSG00000043747
87.graph	11	28	34	6	12	3	3	3	3	0.0018162727	0.0003237724	0	15	ENSMUSG00000025909
87.graph	314	28	29	3	4	2	2	2	2	0.0014011860	0.0000863075	0	15	ENSMUSG00000026229
87.graph	4130	36	53	9	26	7	7	7	7	0.1461515427	0.1408848763	0	15	ENSMUSG00000029207
87.graph	4926	8	9	3	4	2	2	2	2	0.0006799698	0.0000927448	0	15	ENSMUSG00000054435
87.graph	6604	7	9	4	6	2	2	2	2	0.0006954670	0.0001175404	0	15	ENSMUSG00000041775
87.graph	7591	10	11	3	4	2	2	2	2	0.0007410049	0.0000867844	0	15	ENSMUSG00000005161
87.graph	7623	16	19	3	6	3	3	3	3	0.0011143684	0.0001628399	0	15	ENSMUSG00000055932
87.graph	10766	28	29	3	4	2	2	2	2	0.0014057159	0.0000865459	0	15	ENSMUSG00000034145
9.graph	2464	18	24	6	12	3	3	3	3	0.0014896393	0.0003700256	0	15	ENSMUSG00000027669
9.graph	5400	39	52	7	20	6	6	6	6	0.0151722431	0.0127351284	0	15	ENSMUSG00000030231
9.graph	5778	10	10	2	2	2	2	2	2	0.0006740093	0.0000560284	0	15	ENSMUSG00000030591
89.graph	586	14	16	4	6	2	2	2	2	0.0009584427	0.0001161098	0	15	ENSMUSG00000004031
89.graph	1467	16	20	4	8	3	3	3	3	0.0012004375	0.0001928806	0	15	ENSMUSG00000027361
89.graph	6982	11	12	3	4	2	2	2	2	0.0007748604	0.0000860691	0	15	ENSMUSG00000045193
47.graph	207	14	15	3	4	2	2	2	2	0.0008859634	0.0000932217	0	15	ENSMUSG00000026000
47.graph	502	24	31	4	11	4	4	4	4	0.0022614002	0.0008261204	0	15	ENSMUSG00000023150
47.graph	8245	41	42	3	4	2	2	2	2	0.0018672943	0.0000874996	0	15	ENSMUSG00000021983
47.graph	8933	30	42	8	20	5	5	5	5	0.0041217804	0.0021133423	0	15	ENSMUSG00000032595
47.graph	12282	4	4	2	2	2	2	2	2	0.0004599094	0.0000560284	0	15	ENSMUSG00000091831
2.graph	6266	6	7	3	4	2	2	2	2	0.0005931854	0.0000870228	0	15	ENSMUSG00000049580
2.graph	10327	18	18	2	2	2	2	2	2	0.0009353161	0.0000553131	0	15	ENSMUSG00000039109
2.graph	10872	13	18	4	9	3	3	3	3	0.0011293888	0.0002217293	0	15	ENSMUSG00000079036
18.graph	399	59	79	11	31	7	7	7	7	0.1867077351	0.1796925068	0	15	ENSMUSG00000064302
18.graph	1418	23	25	4	6	2	2	2	2	0.0012822151	0.0001168251	0	15	ENSMUSG00000033705
18.graph	2104	15	17	4	6	2	2	2	2	0.0009906292	0.0001232624	0	15	ENSMUSG00000031387
18.graph	2679	8	10	4	6	2	2	2	2	0.0007383823	0.0001163483	0	15	ENSMUSG00000074457
18.graph	11244	12	15	5	8	2	2	2	2	0.0009579659	0.0002787113	0	15	ENSMUSG00000022472
58.graph	1849	26	33	7	14	4	3	3	4	0.0044348240	0.0012888908	0	15	ENSMUSG00000016346
58.graph	10037	23	25	4	6	2	2	2	2	0.0013823509	0.0001168251	0	15	ENSMUSG00000025145
58.graph	12482	21	28	5	12	4	4	4	4	0.0019419193	0.0006272793	0	15	ENSMUSG00000000420
