85.graph	5066	22	24	3	5	3	3	3	3	0.0013179779	0.0001661777	0	15	ENSG00000083168
85.graph	5603	25	27	4	6	2	2	2	2	0.0013518333	0.0001552105	0	15	ENSG00000136854
85.graph	5873	12	15	5	8	2	2	2	2	0.0009732246	0.0001463890	0	15	ENSG00000166796
85.graph	5901	22	28	4	10	4	4	4	4	0.0018820763	0.0005636215	0	15	ENSG00000007372
85.graph	5946	21	28	7	14	3	3	3	3	0.0016584396	0.0003199577	0	15	ENSG00000165915
85.graph	8446	14	18	5	9	3	3	3	3	0.0011434555	0.0001871586	0	15	ENSG00000041357
29.graph	3733	19	27	4	12	5	5	5	5	0.0039722919	0.0026779175	0	15	ENSG00000112561
29.graph	6941	23	26	5	8	2	2	2	2	0.0013344288	0.0001440048	0	15	ENSG00000148773
29.graph	7657	16	18	4	6	2	2	2	2	0.0010085106	0.0001204014	0	15	ENSG00000180776
78.graph	1012	11	11	2	2	2	2	2	2	0.0006926060	0.0000555515	0	15	ENSG00000143772
78.graph	3714	11	13	4	6	2	2	2	2	0.0008292198	0.0001189709	0	15	ENSG00000157343
78.graph	6100	13	16	4	7	3	3	3	3	0.0010049343	0.0001559258	0	15	ENSG00000175224
78.graph	6626	25	29	5	9	3	3	3	3	0.0015141964	0.0001897812	0	15	ENSG00000107929
78.graph	7039	19	21	4	6	2	2	2	2	0.0011017323	0.0001161098	0	15	ENSG00000047621
78.graph	8007	7	9	4	6	2	2	2	2	0.0006949902	0.0001175404	0	15	ENSG00000180008
78.graph	8909	22	30	6	14	4	4	4	4	0.0023233891	0.0009703636	0	15	ENSG00000213658
78.graph	10974	17	23	5	11	3	3	3	3	0.0013322830	0.0002646446	0	15	ENSG00000105202
78.graph	11374	11	12	3	4	2	2	2	2	0.0007717609	0.0000882149	0	15	ENSG00000165246
16.graph	2240	10	12	4	6	2	2	2	2	0.0008175373	0.0001182556	0	15	ENSG00000114013
16.graph	9485	8	9	3	4	2	2	2	2	0.0006833076	0.0000884533	0	15	ENSG00000161395
16.graph	9785	45	47	3	5	3	3	3	3	0.0020916462	0.0001320839	0	15	ENSG00000266714
22.graph	328	10	11	3	4	2	2	2	2	0.0007450581	0.0002126694	0	15	ENSG00000142937
22.graph	786	10	12	4	6	2	2	2	2	0.0008137226	0.0001170635	0	15	ENSG00000203747
22.graph	3793	17	18	3	4	2	2	2	2	0.0009949207	0.0000877380	0	15	ENSG00000146143
22.graph	4132	16	18	3	5	3	3	3	3	0.0010986328	0.0001616478	0	15	ENSG00000146592
22.graph	5088	9	11	4	6	2	2	2	2	0.0007824898	0.0001182556	0	15	ENSG00000147454
22.graph	5574	7	9	4	6	2	2	2	2	0.0007028580	0.0001170635	0	15	ENSG00000157303
22.graph	5622	10	12	4	6	2	2	2	2	0.0008168221	0.0001177788	0	15	ENSG00000119328
22.graph	8320	34	39	4	9	4	4	4	4	0.0025777817	0.0007507801	0	15	ENSG00000214013
22.graph	9798	15	17	4	6	2	2	2	2	0.0010015965	0.0001170635	0	15	ENSG00000141540
22.graph	10934	22	31	7	16	4	4	4	4	0.0024485588	0.0008254051	0	15	ENSG00000142025
79.graph	2953	16	22	6	12	3	3	3	3	0.0013823509	0.0003244877	0	15	ENSG00000082213
79.graph	4172	13	17	5	9	3	3	3	3	0.0011084080	0.0001869202	0	15	ENSG00000071462
79.graph	5959	12	13	3	4	2	2	2	2	0.0008196831	0.0000870228	0	15	ENSG00000149084
79.graph	8965	26	30	4	8	3	3	3	3	0.0015964508	0.0002253056	0	15	ENSG00000159593
100.graph	5554	9	13	4	8	3	3	3	3	0.0009272099	0.0001904964	0	15	ENSG00000174038
100.graph	8020	13	15	4	6	2	2	2	2	0.0009162426	0.0001230240	0	15	ENSG00000139921
24.graph	1189	64	69	6	11	3	3	3	3	0.0030462742	0.0002191067	0	15	ENSG00000163803
24.graph	2536	12	16	4	8	3	3	3	3	0.0010592937	0.0001909733	0	15	ENSG00000173950
24.graph	3723	17	28	5	16	6	6	6	6	0.0114419460	0.0098907948	0	15	ENSG00000112576
24.graph	8663	15	20	4	9	3	3	3	3	0.0012392998	0.0002243519	0	15	ENSG00000122386
24.graph	9529	30	45	6	21	6	6	6	6	0.0185701847	0.0162372589	0	15	ENSG00000108852
91.graph	1280	13	14	3	4	2	2	2	2	0.0008585453	0.0000879765	0	15	ENSG00000143995
91.graph	4035	22	27	5	10	3	3	3	3	0.0015225410	0.0002584457	0	15	ENSG00000003147
91.graph	5032	13	14	3	4	2	2	2	2	0.0008518696	0.0000872612	0	15	ENSG00000120913
28.graph	1099	19	21	4	6	2	2	2	2	0.0011148453	0.0001163483	0	15	ENSG00000134318
28.graph	3528	7	8	3	4	2	2	2	2	0.0006287098	0.0000863075	0	15	ENSG00000181315
28.graph	4388	8	9	3	4	2	2	2	2	0.0006601810	0.0000870228	0	15	ENSG00000181016
28.graph	7783	26	32	5	11	4	4	4	4	0.0019223690	0.0004742146	0	15	ENSG00000102606
28.graph	9565	17	21	4	8	3	3	3	3	0.0012071133	0.0001864433	0	15	ENSG00000141699
12.graph	4299	28	31	4	7	3	3	3	3	0.0016210079	0.0002317429	0	15	ENSG00000187391
12.graph	6146	9	9	2	2	2	2	2	2	0.0006318092	0.0000617504	0	15	ENSG00000071203
12.graph	8824	20	21	3	4	2	2	2	2	0.0010941029	0.0000858307	0	15	ENSG00000186260
12.graph	8954	9	12	3	6	3	3	3	3	0.0008556843	0.0001606941	0	15	ENSG00000167397
12.graph	9035	57	61	4	8	3	3	3	3	0.0027441978	0.0001959801	0	15	ENSG00000125107
12.graph	10292	13	13	2	2	2	2	2	2	0.0007967949	0.0000560284	0	15	ENSG00000080839
34.graph	2440	24	31	4	11	4	4	4	4	0.0019636154	0.0005533695	0	15	ENSG00000114757
34.graph	3410	39	43	4	8	3	3	3	3	0.0021090508	0.0002281666	0	15	ENSG00000074276
34.graph	4629	12	13	3	4	2	2	2	2	0.0008158684	0.0000874996	0	15	ENSG00000101955
34.graph	9687	34	42	6	14	4	4	4	4	0.0048165321	0.0012066364	0	15	ENSG00000108395
34.graph	10006	19	26	5	12	4	4	4	4	0.0018417835	0.0005877018	0	15	ENSG00000141469
95.graph	2181	24	28	5	9	3	3	3	3	0.0014872551	0.0001890659	0	15	ENSG00000114423
95.graph	3480	19	24	5	10	3	3	3	3	0.0013833046	0.0002605915	0	15	ENSG00000181355
95.graph	7577	15	21	6	12	3	3	3	3	0.0013506413	0.0003662109	0	15	ENSG00000182196
95.graph	10684	20	20	2	2	2	2	2	2	0.0010290146	0.0000569820	0	15	ENSG00000127511
72.graph	3486	17	19	4	6	2	2	2	2	0.0010583401	0.0001165867	0	15	ENSG00000170085
72.graph	4535	20	23	5	8	2	2	2	2	0.0012383461	0.0001459122	0	15	ENSG00000122786
72.graph	5802	12	17	5	10	3	3	3	3	0.0011508465	0.0002949238	0	15	ENSG00000160404
72.graph	8497	23	34	5	16	6	6	6	6	0.0265734196	0.0244762897	0	15	ENSG00000140416
45.graph	5128	14	18	4	8	3	3	3	3	0.0011286736	0.0001897812	0	15	ENSG00000147535
45.graph	8623	31	35	5	9	3	3	3	3	0.0017738342	0.0001926422	0	15	ENSG00000187535
45.graph	9352	9	11	4	6	2	2	2	2	0.0007815361	0.0001146793	0	15	ENSG00000249459
45.graph	10549	23	32	7	16	4	4	4	4	0.0021331310	0.0006062984	0	15	ENSG00000213339
45.graph	10611	8	10	4	6	2	2	2	2	0.0007424355	0.0001168251	0	15	ENSG00000187556
21.graph	29	13	17	4	8	3	3	3	3	0.0011112690	0.0002315044	0	15	ENSG00000157916
21.graph	7955	9	13	4	8	3	3	3	3	0.0009410381	0.0001876354	0	15	ENSG00000180008
21.graph	9497	24	35	6	17	7	6	7	7	14.6919667721	0.1566600800	0	15	ENSG00000073584
21.graph	10729	11	12	3	4	2	2	2	2	0.0007901192	0.0000867844	0	15	ENSG00000213096
53.graph	936	10	12	4	6	2	2	2	2	0.0008034706	0.0001168251	0	15	ENSG00000263961
53.graph	8059	13	13	2	2	2	2	2	2	0.0007958412	0.0000560284	0	15	ENSG00000015133
53.graph	10194	27	29	4	6	2	2	2	2	0.0014281273	0.0002481937	0	15	ENSG00000080839
51.graph	6096	10	11	3	4	2	2	2	2	0.0007450581	0.0000855923	0	15	ENSG00000149124
51.graph	11563	7	8	3	4	2	2	2	2	0.0006222725	0.0000884533	0	15	ENSG00000138964
70.graph	5199	20	23	3	6	3	3	3	3	0.0012469292	0.0001571178	0	15	ENSG00000205268
70.graph	9722	10	11	3	4	2	2	2	2	0.0007359982	0.0000877380	0	15	ENSG00000167434
66.graph	17	14	16	4	6	2	2	2	2	0.0009629726	0.0001239777	0	15	ENSG00000107404
66.graph	2860	15	22	5	12	4	4	4	4	0.0020980835	0.0010068417	0	15	ENSG00000145425
66.graph	5023	13	15	4	6	2	2	2	2	0.0009174347	0.0001177788	0	15	ENSG00000158806
66.graph	7424	16	18	4	6	2	2	2	2	0.0010306835	0.0001158714	0	15	ENSG00000179520
66.graph	8293	23	33	8	18	5	5	5	5	0.0046398640	0.0030710697	0	15	ENSG00000168803
66.graph	9746	9	10	3	4	2	2	2	2	0.0007126331	0.0000872612	0	15	ENSG00000182481
66.graph	9751	8	9	3	4	2	2	2	2	0.0006740093	0.0000879765	0	15	ENSG00000108950
66.graph	10741	22	22	2	2	2	2	2	2	0.0011091232	0.0000560284	0	15	ENSG00000121289
7.graph	3367	26	35	5	14	4	4	4	4	0.0024409294	0.0007774830	0	15	ENSG00000055147
7.graph	5649	19	20	3	4	2	2	2	2	0.0010671616	0.0000872612	0	15	ENSG00000136848
7.graph	7761	45	57	6	18	6	6	6	6	0.0118968487	0.0092797279	0	15	ENSG00000126217
7.graph	9489	13	16	5	8	2	2	2	2	0.0010130405	0.0001480579	0	15	ENSG00000161405
7.graph	10396	10	11	3	4	2	2	2	2	0.0007426739	0.0000877380	0	15	ENSG00000130005
50.graph	3629	14	16	4	6	2	2	2	2	0.0009503365	0.0001170635	0	15	ENSG00000204231
50.graph	4728	26	36	6	16	5	5	5	5	0.0041592121	0.0024580956	0	15	ENSG00000131089
50.graph	4827	19	21	4	6	2	2	2	2	0.0011265278	0.0001163483	0	15	ENSG00000147231
50.graph	7725	29	34	5	10	3	3	3	3	0.0017273426	0.0003378391	0	15	ENSG00000139746
50.graph	11166	19	21	4	6	2	2	2	2	0.0011329651	0.0001173019	0	15	ENSG00000186818
50.graph	11607	9	11	3	5	3	3	3	3	0.0008392334	0.0001647472	0	15	ENSG00000159200
11.graph	3172	15	17	4	6	2	2	2	2	0.0009911060	0.0001168251	0	15	ENSG00000145743
11.graph	3956	11	12	3	4	2	2	2	2	0.0007791519	0.0000879765	0	15	ENSG00000112031
11.graph	5766	28	31	5	8	2	2	2	2	0.0015397072	0.0001466274	0	15	ENSG00000187609
11.graph	6224	16	24	5	13	4	4	4	4	0.0018460751	0.0007040501	0	15	ENSG00000167792
11.graph	6300	30	34	4	8	3	3	3	3	0.0016970634	0.0001907349	0	15	ENSG00000149262
11.graph	7752	7	8	3	4	2	2	2	2	0.0006358624	0.0000877380	0	15	ENSG00000129538
11.graph	8723	8	8	2	2	2	2	2	2	0.0006041527	0.0000567436	0	15	ENSG00000166783
11.graph	10861	18	25	5	12	4	4	4	4	0.0017645359	0.0005488396	0	15	ENSG00000188493
57.graph	3697	17	20	5	8	2	2	2	2	0.0011398792	0.0001459122	0	15	ENSG00000156711
57.graph	6909	19	26	9	16	2	2	2	2	0.0015878677	0.0002622604	0	15	ENSG00000148798
57.graph	7114	12	15	3	6	3	3	3	3	0.0009739399	0.0001604557	0	15	ENSG00000134533
57.graph	9603	21	26	5	10	3	3	3	3	0.0014636517	0.0002593994	0	15	ENSG00000131467
57.graph	10957	16	21	6	11	3	3	3	3	0.0012967587	0.0002205372	0	15	ENSG00000248098
71.graph	1098	8	9	3	4	2	2	2	2	0.0006632805	0.0000882149	0	15	ENSG00000163026
71.graph	5686	19	21	4	6	2	2	2	2	0.0011308193	0.0001156330	0	15	ENSG00000095321
71.graph	6212	21	26	5	10	3	3	3	3	0.0014626980	0.0002548695	0	15	ENSG00000172830
71.graph	8991	17	22	5	10	3	3	3	3	0.0013079643	0.0002570152	0	15	ENSG00000182149
71.graph	9502	9	10	3	4	2	2	2	2	0.0007090569	0.0002143383	0	15	ENSG00000131469
71.graph	10963	12	14	4	6	2	2	2	2	0.0008838177	0.0001153946	0	15	ENSG00000105281
6.graph	1596	21	28	8	15	5	3	4	5	0.1125376225	0.0029761791	0	15	ENSG00000115966
6.graph	3518	37	37	2	2	2	2	2	2	0.0016357899	0.0000560284	0	15	ENSG00000079691
6.graph	7099	19	24	6	11	3	3	3	3	0.0014693737	0.0003597736	0	15	ENSG00000134283
5.graph	1336	27	39	9	21	5	5	5	5	0.0060887337	0.0043044090	0	15	ENSG00000115459
5.graph	3764	10	11	3	4	2	2	2	2	0.0007350445	0.0000867844	0	15	ENSG00000278224
5.graph	3845	48	67	10	29	7	6	6	7	0.4643957615	0.4513378143	0	15	ENSG00000079841
5.graph	4132	15	15	2	2	2	2	2	2	0.0008468628	0.0000553131	0	15	ENSG00000136261
5.graph	4483	29	32	5	8	2	2	2	2	0.0015656948	0.0001456738	0	15	ENSG00000064419
5.graph	6078	11	15	4	8	3	3	3	3	0.0010111332	0.0001909733	0	15	ENSG00000110492
5.graph	7720	17	18	3	4	2	2	2	2	0.0009832382	0.0000874996	0	15	ENSG00000136143
5.graph	8555	8	9	3	4	2	2	2	2	0.0006635189	0.0000865459	0	15	ENSG00000188659
5.graph	9433	11	13	4	6	2	2	2	2	0.0008394718	0.0001211166	0	15	ENSG00000179761
73.graph	3116	19	20	3	4	2	2	2	2	0.0010690689	0.0000851154	0	15	ENSG00000249437
73.graph	3568	20	27	5	12	4	4	4	4	0.0017535686	0.0004615784	0	15	ENSG00000186470
73.graph	3924	15	19	5	9	3	3	3	3	0.0012023449	0.0002236366	0	15	ENSG00000118507
73.graph	4514	10	14	4	8	3	3	3	3	0.0009706020	0.0001902580	0	15	ENSG00000283013
73.graph	4867	12	13	3	4	2	2	2	2	0.0008158684	0.0000882149	0	15	ENSG00000076770
73.graph	5547	10	10	2	2	2	2	2	2	0.0006785393	0.0000569820	0	15	ENSG00000106819
73.graph	5625	26	27	3	4	2	2	2	2	0.0013103485	0.0000865459	0	15	ENSG00000148219
75.graph	2466	15	19	4	8	3	3	3	3	0.0011608601	0.0001924038	0	15	ENSG00000161267
75.graph	2596	10	11	3	4	2	2	2	2	0.0007436275	0.0000879765	0	15	ENSG00000188848
75.graph	3077	30	33	5	8	2	2	2	2	0.0015938282	0.0001456738	0	15	ENSG00000157107
75.graph	4264	57	59	4	6	2	2	2	2	0.0024807453	0.0001161098	0	15	ENSG00000164692
75.graph	5927	9	11	4	6	2	2	2	2	0.0007810593	0.0001165867	0	15	ENSG00000134339
75.graph	6237	17	19	4	6	2	2	2	2	0.0010569096	0.0001170635	0	15	ENSG00000110721
75.graph	6350	9	11	4	6	2	2	2	2	0.0007681847	0.0001163483	0	15	ENSG00000042429
75.graph	6388	15	21	5	11	4	4	4	4	0.0015063286	0.0004367828	0	15	ENSG00000110723
75.graph	8534	29	34	5	10	3	3	3	3	0.0017440319	0.0002589226	0	15	ENSG00000140521
75.graph	11372	13	14	3	4	2	2	2	2	0.0008437634	0.0000863075	0	15	ENSG00000183963
88.graph	102	9	11	4	6	2	2	2	2	0.0007736683	0.0001182556	0	15	ENSG00000116685
88.graph	4314	23	29	6	12	3	3	3	3	0.0016434193	0.0003323555	0	15	ENSG00000004948
88.graph	5386	12	14	4	6	2	2	2	2	0.0008833408	0.0001225471	0	15	ENSG00000161016
88.graph	5575	19	21	4	6	2	2	2	2	0.0011436939	0.0001168251	0	15	ENSG00000081377
88.graph	7837	10	11	3	4	2	2	2	2	0.0007386208	0.0000879765	0	15	ENSG00000100439
88.graph	8451	18	18	2	2	2	2	2	2	0.0009601116	0.0000572205	0	15	ENSG00000187720
88.graph	9625	15	15	2	2	2	2	2	2	0.0008625984	0.0000565052	0	15	ENSG00000141279
88.graph	10552	29	37	6	14	4	4	4	4	0.0022201538	0.0005421638	0	15	ENSG00000205517
30.graph	2492	17	22	4	9	3	3	3	3	0.0012817383	0.0002241135	0	15	ENSG00000136527
30.graph	6499	13	15	4	6	2	2	2	2	0.0009081364	0.0001165867	0	15	ENSG00000154114
30.graph	6830	10	13	3	6	3	3	3	3	0.0008990765	0.0001590252	0	15	ENSG00000107816
30.graph	10470	26	32	6	12	3	3	3	3	0.0017261505	0.0003302097	0	15	ENSG00000130377
30.graph	11554	9	10	3	4	2	2	2	2	0.0006992817	0.0000998974	0	15	ENSG00000100207
33.graph	1189	19	22	5	8	2	2	2	2	0.0012145042	0.0001461506	0	15	ENSG00000152683
33.graph	10642	12	14	4	6	2	2	2	2	0.0008780956	0.0001173019	0	15	ENSG00000076662
33.graph	11182	14	20	5	11	3	3	3	3	0.0012648106	0.0002880096	0	15	ENSG00000167747
63.graph	1186	22	23	3	4	2	2	2	2	0.0011601448	0.0000865459	0	15	ENSG00000163811
63.graph	5461	51	53	4	6	2	2	2	2	0.0022668839	0.0001168251	0	15	ENSG00000107099
63.graph	8499	12	14	4	6	2	2	2	2	0.0008695126	0.0001206398	0	15	ENSG00000103671
98.graph	5247	10	12	4	6	2	2	2	2	0.0008168221	0.0001151562	0	15	ENSG00000132541
98.graph	8095	10	13	5	8	2	2	2	2	0.0008945465	0.0001454353	0	15	ENSG00000100721
98.graph	8769	23	26	4	7	3	3	3	3	0.0015847683	0.0002734661	0	15	ENSG00000188603
98.graph	9492	28	36	7	15	4	4	4	4	0.0023703575	0.0007038116	0	15	ENSG00000108799
98.graph	10700	17	22	5	10	3	3	3	3	0.0013368130	0.0002579689	0	15	ENSG00000089356
98.graph	11052	13	16	5	8	2	2	2	2	0.0010035038	0.0001506805	0	15	ENSG00000167555
38.graph	525	20	27	5	12	4	4	4	4	0.0018734932	0.0005822182	0	15	ENSG00000134222
38.graph	2387	31	39	7	15	4	4	4	4	0.0023126602	0.0005345345	0	15	ENSG00000051382
38.graph	3448	24	29	4	9	3	3	3	3	0.0015408993	0.0002307892	0	15	ENSG00000072571
38.graph	4264	23	28	4	9	4	4	4	4	0.0020704269	0.0007452965	0	15	ENSG00000106070
38.graph	4726	12	14	4	6	2	2	2	2	0.0008897781	0.0001144409	0	15	ENSG00000182220
38.graph	6520	33	43	4	14	5	5	5	5	0.0044858456	0.0026984215	0	15	ENSG00000149294
38.graph	7761	11	14	3	6	4	4	4	4	0.0011098385	0.0002894402	0	15	ENSG00000102804
38.graph	11729	12	15	5	8	2	2	2	2	0.0009665489	0.0001473427	0	15	ENSG00000183527
52.graph	2949	38	40	4	6	2	2	2	2	0.0018274784	0.0001173019	0	15	ENSG00000137601
52.graph	5436	11	13	4	6	2	2	2	2	0.0008368492	0.0001237392	0	15	ENSG00000161016
52.graph	6497	18	25	5	12	4	4	4	4	0.0019078255	0.0007045269	0	15	ENSG00000186318
52.graph	9059	10	11	3	4	2	2	2	2	0.0007410049	0.0000867844	0	15	ENSG00000103064
52.graph	9348	15	18	5	8	2	2	2	2	0.0010666847	0.0001468658	0	15	ENSG00000065559
52.graph	10716	21	25	6	10	2	2	2	2	0.0013656616	0.0001752377	0	15	ENSG00000167483
77.graph	3966	17	20	5	8	2	2	2	2	0.0011413097	0.0001471043	0	15	ENSG00000164638
77.graph	4131	18	20	4	6	2	2	2	2	0.0010981560	0.0001177788	0	15	ENSG00000277149
77.graph	4767	49	51	4	6	3	2	2	3	0.0026376247	0.0002350807	0	15	ENSG00000197565
77.graph	5130	10	11	3	4	2	2	2	2	0.0007488728	0.0000851154	0	15	ENSG00000147601
77.graph	5574	31	36	6	11	3	3	3	3	0.0018477440	0.0002210140	0	15	ENSG00000041982
46.graph	1111	24	24	2	2	2	2	2	2	0.0011477470	0.0000574589	0	15	ENSG00000055917
46.graph	2656	55	59	4	8	4	4	4	4	0.0026915073	0.0003199577	0	15	ENSG00000075539
46.graph	4390	23	32	6	15	5	5	5	5	0.0031821728	0.0016522408	0	15	ENSG00000105856
46.graph	4516	10	11	3	4	2	2	2	2	0.0007219315	0.0000870228	0	15	ENSG00000204983
46.graph	9229	10	13	4	7	4	3	4	4	0.0013732910	0.0005826950	0	15	ENSG00000129197
46.graph	9329	16	17	3	4	2	2	2	2	0.0009353161	0.0000860691	0	15	ENSG00000214946
59.graph	2235	10	11	3	4	2	2	2	2	0.0007517338	0.0000884533	0	15	ENSG00000176542
59.graph	4798	13	15	4	6	2	2	2	2	0.0009224415	0.0001182556	0	15	ENSG00000169083
59.graph	8819	14	17	3	6	3	3	3	3	0.0010523796	0.0001609325	0	15	ENSG00000183426
59.graph	11744	30	35	5	10	3	3	3	3	0.0017926693	0.0002236366	0	15	ENSG00000160285
41.graph	1156	21	23	4	6	2	2	2	2	0.0012023449	0.0002369881	0	15	ENSG00000021574
41.graph	5541	12	13	3	4	2	2	2	2	0.0008046627	0.0000872612	0	15	ENSG00000188647
41.graph	5620	7	8	3	4	2	2	2	2	0.0006341934	0.0000874996	0	15	ENSG00000066697
41.graph	7997	12	14	4	6	2	2	2	2	0.0008771420	0.0001158714	0	15	ENSG00000029364
41.graph	10607	25	35	5	15	5	5	5	5	0.0034675598	0.0018112659	0	15	ENSG00000095059
41.graph	11663	22	28	6	12	3	3	3	3	0.0016207695	0.0003647804	0	15	ENSG00000183570
99.graph	4006	23	24	3	4	2	2	2	2	0.0011973381	0.0000877380	0	15	ENSG00000164674
99.graph	4073	9	11	4	6	2	2	2	2	0.0007627010	0.0002386570	0	15	ENSG00000136240
99.graph	5802	7	8	3	4	2	2	2	2	0.0006251335	0.0000879765	0	15	ENSG00000238227
99.graph	5885	11	12	3	4	2	2	2	2	0.0007770061	0.0000874996	0	15	ENSG00000214026
99.graph	6320	16	18	4	6	2	2	2	2	0.0010240078	0.0001175404	0	15	ENSG00000110721
99.graph	6608	15	19	4	8	3	3	3	3	0.0011420250	0.0001919270	0	15	ENSG00000183715
99.graph	6963	35	47	7	19	5	5	5	5	0.0052533150	0.0032424927	0	15	ENSG00000138162
99.graph	8661	18	24	6	12	3	3	3	3	0.0014419556	0.0003285408	0	15	ENSG00000007392
99.graph	8864	23	27	5	9	3	3	3	3	0.0014495850	0.0001957417	0	15	ENSG00000166501
99.graph	9010	19	27	5	13	4	4	4	4	0.0022366047	0.0009865761	0	15	ENSG00000140854
61.graph	1487	51	53	3	5	3	3	3	3	0.0023694038	0.0001611710	0	15	ENSG00000169994
61.graph	1828	33	38	6	11	3	3	3	3	0.0019383430	0.0002198219	0	15	ENSG00000144481
61.graph	2192	20	27	5	12	4	4	4	4	0.0018913746	0.0005929470	0	15	ENSG00000170854
61.graph	2840	25	26	3	4	2	2	2	2	0.0012986660	0.0000865459	0	15	ENSG00000138735
61.graph	4582	9	11	3	5	4	3	4	4	0.0068724155	0.0004343987	0	15	ENSG00000130675
61.graph	5101	16	20	4	8	3	3	3	3	0.0012044907	0.0001907349	0	15	ENSG00000120885
61.graph	6632	25	32	5	12	5	5	5	5	0.0046515465	0.0031054020	0	15	ENSG00000170525
26.graph	1100	25	27	4	6	2	2	2	2	0.0014803410	0.0001153946	0	15	ENSG00000115761
26.graph	1676	9	10	3	4	2	2	2	2	0.0007064342	0.0000879765	0	15	ENSG00000118263
26.graph	1960	11	13	4	6	2	2	2	2	0.0008368492	0.0001220703	0	15	ENSG00000144659
26.graph	4745	11	13	4	6	2	2	2	2	0.0008435249	0.0001153946	0	15	ENSG00000147130
26.graph	6630	7	7	2	2	2	2	2	2	0.0005636215	0.0000562668	0	15	ENSG00000256574
26.graph	6792	22	31	6	15	4	4	4	4	0.0021553040	0.0007393360	0	15	ENSG00000171307
26.graph	6821	15	18	4	7	3	3	3	3	0.0011193752	0.0001950264	0	15	ENSG00000166169
26.graph	6958	11	16	5	10	3	3	3	3	0.0012037754	0.0002267361	0	15	ENSG00000111639
26.graph	7163	17	18	3	4	2	2	2	2	0.0010282993	0.0000879765	0	15	ENSG00000066117
26.graph	9775	21	22	3	4	2	2	2	2	0.0011394024	0.0000870228	0	15	ENSG00000169683
26.graph	10359	25	26	3	4	2	2	2	2	0.0012743473	0.0000922680	0	15	ENSG00000088247
68.graph	3621	31	32	3	4	2	2	2	2	0.0015044212	0.0000860691	0	15	ENSG00000204371
40.graph	1166	13	13	2	2	2	2	2	2	0.0007741451	0.0000560284	0	15	ENSG00000171174
40.graph	1574	15	17	4	6	2	2	2	2	0.0009753704	0.0001163483	0	15	ENSG00000115806
40.graph	2448	19	21	4	6	2	2	2	2	0.0011310577	0.0001173019	0	15	ENSG00000114757
40.graph	6566	25	27	4	6	2	2	2	2	0.0013298988	0.0001173019	0	15	ENSG00000108021
13.graph	570	8	9	3	4	2	2	2	2	0.0006690025	0.0000896454	0	15	ENSG00000203857
13.graph	2508	12	14	4	6	2	2	2	2	0.0008945465	0.0001165867	0	15	ENSG00000178222
13.graph	5164	13	16	4	7	3	3	3	3	0.0010311604	0.0001583099	0	15	ENSG00000177182
44.graph	2588	31	33	4	6	3	2	3	3	0.0017373562	0.0002379417	0	15	ENSG00000007062
44.graph	4996	14	16	4	6	2	2	2	2	0.0009572506	0.0001170635	0	15	ENSG00000091879
44.graph	6236	20	20	2	2	2	2	2	2	0.0010340214	0.0000557899	0	15	ENSG00000175115
44.graph	8715	25	28	4	7	3	3	3	3	0.0014564991	0.0001568794	0	15	ENSG00000126602
44.graph	10674	17	19	4	6	2	2	2	2	0.0010638237	0.0001165867	0	15	ENSG00000105607
44.graph	11694	38	40	4	6	2	2	2	2	0.0018107891	0.0001180172	0	15	ENSG00000185658
42.graph	2287	16	19	3	6	3	3	3	3	0.0011141300	0.0001649857	0	15	ENSG00000114019
42.graph	4630	22	28	5	11	4	4	4	4	0.0020077229	0.0005593300	0	15	ENSG00000183337
42.graph	8764	33	35	3	5	3	3	3	3	0.0016560555	0.0001235008	0	15	ENSG00000175267
94.graph	1898	8	10	4	6	2	2	2	2	0.0007376671	0.0001170635	0	15	ENSG00000131368
94.graph	3390	8	9	3	4	2	2	2	2	0.0006711483	0.0000855923	0	15	ENSG00000145920
94.graph	7354	17	19	4	6	2	2	2	2	0.0010497570	0.0001158714	0	15	ENSG00000165891
94.graph	10331	14	16	4	6	2	2	2	2	0.0009384155	0.0001158714	0	15	ENSG00000099866
94.graph	11038	35	41	8	14	2	2	2	2	0.0020430088	0.0002341270	0	15	ENSG00000196961
76.graph	745	13	16	3	6	3	3	3	3	0.0010111332	0.0001633167	0	15	ENSG00000163565
76.graph	2088	11	13	4	6	2	2	2	2	0.0008425713	0.0001165867	0	15	ENSG00000173366
76.graph	2786	26	34	6	14	4	4	4	4	0.0024669170	0.0009548664	0	15	ENSG00000163110
76.graph	3099	37	48	7	18	5	5	5	5	0.0068783760	0.0032999516	0	15	ENSG00000112851
76.graph	7387	15	20	5	10	3	3	3	3	0.0012526512	0.0002593994	0	15	ENSG00000155957
76.graph	8861	9	11	4	6	2	2	2	2	0.0007736683	0.0001158714	0	15	ENSG00000168434
76.graph	9445	16	18	4	6	2	2	2	2	0.0010268688	0.0001156330	0	15	ENSG00000109113
10.graph	3054	20	25	5	10	3	3	3	3	0.0014631748	0.0002598763	0	15	ENSG00000153914
10.graph	3205	13	15	4	6	2	2	2	2	0.0009398460	0.0001177788	0	15	ENSG00000152700
10.graph	5699	24	35	6	17	6	6	6	6	0.0124754906	0.0107481480	0	15	ENSG00000119383
10.graph	5747	8	9	3	4	2	2	2	2	0.0006911755	0.0000944138	0	15	ENSG00000160360
10.graph	7374	7	9	4	6	2	2	2	2	0.0007131100	0.0001180172	0	15	ENSG00000136052
10.graph	9505	19	20	3	4	2	2	2	2	0.0010967255	0.0000872612	0	15	ENSG00000161714
54.graph	3893	14	17	3	6	4	4	4	4	0.0013396740	0.0004079342	0	15	ENSG00000123505
54.graph	8904	18	21	5	8	2	2	2	2	0.0011920929	0.0001451969	0	15	ENSG00000213658
54.graph	10904	12	13	3	4	2	2	2	2	0.0008094311	0.0000853539	0	15	ENSG00000105202
8.graph	208	13	18	4	9	3	3	3	3	0.0011458397	0.0002255440	0	15	ENSG00000126709
8.graph	2032	7	8	3	4	2	2	2	2	0.0006301403	0.0000879765	0	15	ENSG00000164051
8.graph	4955	9	10	3	4	2	2	2	2	0.0007076263	0.0000867844	0	15	ENSG00000029993
8.graph	5407	11	14	5	8	2	2	2	2	0.0009233952	0.0001451969	0	15	ENSG00000196378
8.graph	5747	23	25	4	6	2	2	2	2	0.0012850761	0.0001165867	0	15	ENSG00000160271
8.graph	7557	21	30	6	15	4	4	4	4	0.0021116734	0.0007402897	0	15	ENSG00000089157
8.graph	10117	41	42	3	4	2	2	2	2	0.0018417835	0.0000865459	0	15	ENSG00000101333
82.graph	750	19	24	5	10	3	3	3	3	0.0013911724	0.0003857613	0	15	ENSG00000181036
82.graph	4275	9	10	3	4	2	2	2	2	0.0007188320	0.0000855923	0	15	ENSG00000105854
82.graph	4399	14	17	3	6	3	3	3	3	0.0010468960	0.0001583099	0	15	ENSG00000106302
82.graph	10163	17	18	3	4	2	2	2	2	0.0009965897	0.0000870228	0	15	ENSG00000244005
82.graph	11537	7	8	3	4	2	2	2	2	0.0006334782	0.0000867844	0	15	ENSG00000276076
64.graph	5240	17	25	6	14	4	4	4	4	0.0019795895	0.0007247925	0	15	ENSG00000034239
64.graph	5474	45	50	6	11	3	3	3	3	0.0025076866	0.0002195835	0	15	ENSG00000071894
64.graph	11521	10	12	4	6	2	2	2	2	0.0008201599	0.0001168251	0	15	ENSG00000128335
97.graph	9356	20	24	5	9	3	3	3	3	0.0013606548	0.0001876354	0	15	ENSG00000241322
97.graph	10086	12	14	4	6	2	2	2	2	0.0008919239	0.0001189709	0	15	ENSG00000166401
31.graph	3479	11	16	4	9	4	4	4	4	0.0016391277	0.0007529259	0	15	ENSG00000131446
31.graph	7143	24	32	5	13	4	4	4	4	0.0023627281	0.0008940697	0	15	ENSG00000118307
31.graph	7766	26	28	4	6	2	2	2	2	0.0014026165	0.0001173019	0	15	ENSG00000139746
49.graph	1591	33	34	3	4	2	2	2	2	0.0015432835	0.0000860691	0	15	ENSG00000144285
49.graph	2038	11	13	4	6	2	2	2	2	0.0008430481	0.0001213551	0	15	ENSG00000196345
49.graph	5290	16	18	4	6	2	2	2	2	0.0010251999	0.0001158714	0	15	ENSG00000091656
49.graph	5310	15	17	3	5	3	3	3	3	0.0010297298	0.0001213551	0	15	ENSG00000176623
49.graph	5872	20	24	5	9	3	3	3	3	0.0013618469	0.0001857281	0	15	ENSG00000177239
49.graph	6916	8	10	4	6	2	2	2	2	0.0007414818	0.0001153946	0	15	ENSG00000119919
49.graph	7400	23	24	3	4	2	2	2	2	0.0012142658	0.0000846386	0	15	ENSG00000177990
49.graph	7631	23	26	3	6	3	3	3	3	0.0014033318	0.0001587868	0	15	ENSG00000175727
49.graph	7726	11	12	3	4	2	2	2	2	0.0007755756	0.0000858307	0	15	ENSG00000188811
74.graph	3849	33	42	7	16	4	4	4	4	0.0027618408	0.0010955334	0	15	ENSG00000146263
74.graph	4127	17	23	4	10	4	4	4	4	0.0016400814	0.0005137920	0	15	ENSG00000136193
74.graph	5955	14	15	3	4	2	2	2	2	0.0008754730	0.0000925064	0	15	ENSG00000133808
62.graph	3109	11	14	5	8	2	2	2	2	0.0009224415	0.0001461506	0	15	ENSG00000164258
62.graph	7090	21	24	3	6	3	3	3	3	0.0012977123	0.0001597404	0	15	ENSG00000171681
62.graph	11189	12	17	5	10	3	3	3	3	0.0011374950	0.0003864765	0	15	ENSG00000121417
35.graph	3524	20	30	7	17	5	5	5	5	0.0055878162	0.0041294098	0	15	ENSG00000204628
35.graph	4721	5	5	2	2	2	2	2	2	0.0004978180	0.0000615120	0	15	ENSG00000189023
35.graph	5992	16	17	3	4	2	2	2	2	0.0009698868	0.0000865459	0	15	ENSG00000197702
35.graph	10547	11	13	4	6	2	2	2	2	0.0008606911	0.0001163483	0	15	ENSG00000130803
83.graph	2149	19	29	6	16	5	5	5	5	0.0039134026	0.0025384426	0	15	ENSG00000080822
83.graph	8691	24	36	6	18	6	6	6	6	0.0351819992	0.0328304768	0	15	ENSG00000122390
83.graph	8809	13	13	2	2	2	2	2	2	0.0007739067	0.0000565052	0	15	ENSG00000077238
20.graph	3579	13	17	4	8	3	3	3	3	0.0010907650	0.0002267361	0	15	ENSG00000112812
20.graph	5471	14	18	4	8	3	3	3	3	0.0011074543	0.0001890659	0	15	ENSG00000107262
20.graph	10736	9	10	3	4	2	2	2	2	0.0006935596	0.0000932217	0	15	ENSG00000105700
25.graph	2885	13	15	4	6	2	2	2	2	0.0009086132	0.0001173019	0	15	ENSG00000164144
25.graph	3159	48	65	7	24	8	8	8	8	0.6103625298	0.5874514580	0	15	ENSG00000153113
25.graph	5997	26	27	3	4	2	2	2	2	0.0012917519	0.0000863075	0	15	ENSG00000110693
25.graph	10093	7	8	3	4	2	2	2	2	0.0006175041	0.0000874996	0	15	ENSG00000171791
25.graph	10540	11	12	3	4	2	2	2	2	0.0007705688	0.0000865459	0	15	ENSG00000104883
19.graph	1467	22	26	4	8	4	4	4	4	0.0017859936	0.0005524158	0	15	ENSG00000136717
19.graph	2497	8	10	4	6	2	2	2	2	0.0007345676	0.0001146793	0	15	ENSG00000145217
19.graph	5222	14	14	2	2	2	2	2	2	0.0008120537	0.0000555515	0	15	ENSG00000104375
19.graph	6783	8	9	3	4	2	2	2	2	0.0006656647	0.0000877380	0	15	ENSG00000196072
19.graph	7427	30	34	6	10	2	2	2	2	0.0018215179	0.0001752377	0	15	ENSG00000204842
19.graph	7659	13	14	3	4	2	2	2	2	0.0008435249	0.0000860691	0	15	ENSG00000183098
19.graph	7689	29	36	3	10	5	5	5	5	0.0040321350	0.0023560524	0	15	ENSG00000102606
80.graph	686	12	13	3	4	2	2	2	2	0.0008151531	0.0000858307	0	15	ENSG00000143545
80.graph	1392	14	16	4	6	2	2	2	2	0.0009608269	0.0001170635	0	15	ENSG00000115593
80.graph	9945	29	36	6	13	4	4	4	4	0.0021991730	0.0004129410	0	15	ENSG00000079134
23.graph	2301	10	11	3	4	2	2	2	2	0.0007441044	0.0000855923	0	15	ENSG00000163746
23.graph	3079	24	35	5	16	5	5	5	5	0.0042340755	0.0026261806	0	15	ENSG00000164253
23.graph	4774	17	20	5	8	2	2	2	2	0.0017716885	0.0002162457	0	15	ENSG00000126733
23.graph	9742	11	15	4	8	3	3	3	3	0.0010275841	0.0002267361	0	15	ENSG00000172809
60.graph	6420	10	13	3	6	3	3	3	3	0.0008969307	0.0001640320	0	15	ENSG00000109846
60.graph	8901	7	8	3	4	2	2	2	2	0.0006272793	0.0000858307	0	15	ENSG00000121281
60.graph	9616	17	21	4	8	3	3	3	3	0.0012176037	0.0001895428	0	15	ENSG00000178852
60.graph	10101	13	17	4	8	3	3	3	3	0.0010771751	0.0001902580	0	15	ENSG00000132635
48.graph	3832	10	12	4	6	2	2	2	2	0.0008132458	0.0001165867	0	15	ENSG00000146243
48.graph	4956	10	11	3	4	2	2	2	2	0.0007450581	0.0000867844	0	15	ENSG00000269556
48.graph	7178	17	22	5	10	3	3	3	3	0.0013308525	0.0002634525	0	15	ENSG00000181929
48.graph	8243	10	11	3	4	2	2	2	2	0.0007474422	0.0000879765	0	15	ENSG00000134138
48.graph	10641	24	33	7	16	4	4	4	4	0.0023655891	0.0008573532	0	15	ENSG00000072958
48.graph	11013	18	23	5	10	3	3	3	3	0.0013895035	0.0002965927	0	15	ENSG00000105483
86.graph	7879	32	48	7	23	6	6	6	6	0.0275304317	0.0249674320	0	15	ENSG00000100897
86.graph	7916	11	12	3	4	2	2	2	2	0.0007851124	0.0000858307	0	15	ENSG00000100852
86.graph	8388	14	23	5	14	4	4	4	4	0.0017356873	0.0006155968	0	15	ENSG00000128989
86.graph	8805	25	33	5	13	4	4	4	4	0.0021212101	0.0006144047	0	15	ENSG00000066813
86.graph	10805	11	14	5	8	2	2	2	2	0.0009415150	0.0002701283	0	15	ENSG00000197841
86.graph	11072	38	47	7	16	4	4	4	4	0.0032751560	0.0012986660	0	15	ENSG00000105486
86.graph	11615	7	8	3	4	2	2	2	2	0.0006353855	0.0000860691	0	15	ENSG00000217442
86.graph	11747	18	23	5	10	3	3	3	3	0.0013620853	0.0003800392	0	15	ENSG00000160298
36.graph	1938	9	11	4	6	2	2	2	2	0.0007662773	0.0001153946	0	15	ENSG00000144566
36.graph	3254	13	18	5	10	3	3	3	3	0.0011677742	0.0002579689	0	15	ENSG00000120709
36.graph	4588	25	31	4	10	4	4	4	4	0.0020368099	0.0006420612	0	15	ENSG00000106617
36.graph	6268	12	13	3	4	2	2	2	2	0.0008056164	0.0000877380	0	15	ENSG00000173227
3.graph	2571	10	10	2	2	2	2	2	2	0.0006978512	0.0000567436	0	15	ENSG00000125089
3.graph	3741	16	19	3	6	3	3	3	3	0.0011463165	0.0001595020	0	15	ENSG00000112305
3.graph	5063	11	13	4	6	2	2	2	2	0.0008594990	0.0001173019	0	15	ENSG00000129696
3.graph	5453	9	11	4	6	2	2	2	2	0.0007774830	0.0001175404	0	15	ENSG00000137094
3.graph	7917	29	31	4	6	2	2	2	2	0.0015194416	0.0001180172	0	15	ENSG00000198554
3.graph	11334	11	13	4	6	2	2	2	2	0.0008842945	0.0001175404	0	15	ENSG00000185340
37.graph	4108	10	12	4	6	2	2	2	2	0.0008075237	0.0001239777	0	15	ENSG00000105866
37.graph	4257	23	25	4	6	3	2	3	3	0.0023148060	0.0002379417	0	15	ENSG00000158321
37.graph	4424	69	71	4	6	2	2	2	2	0.0029249191	0.0001173019	0	15	ENSG00000189056
37.graph	6429	17	21	4	8	3	3	3	3	0.0012366772	0.0001900196	0	15	ENSG00000077458
15.graph	2878	13	17	4	8	3	3	3	3	0.0010845661	0.0001888275	0	15	ENSG00000164162
15.graph	4621	12	13	3	4	2	2	2	2	0.0008172989	0.0000860691	0	15	ENSG00000105993
15.graph	4978	16	20	5	9	3	3	3	3	0.0012755394	0.0002977848	0	15	ENSG00000010404
15.graph	8100	27	34	5	12	4	4	4	4	0.0019807816	0.0004234314	0	15	ENSG00000042088
96.graph	1751	19	25	5	11	4	4	4	4	0.0020761490	0.0008711815	0	15	ENSG00000030419
96.graph	4304	21	22	3	4	2	2	2	2	0.0011315346	0.0000848770	0	15	ENSG00000009950
96.graph	10849	12	16	4	8	3	3	3	3	0.0010423660	0.0001928806	0	15	ENSG00000245680
93.graph	191	30	36	6	12	4	4	4	4	0.0022652149	0.0006341934	0	15	ENSG00000176092
93.graph	2278	12	12	2	2	2	2	2	2	0.0007514954	0.0000665188	0	15	ENSG00000069849
93.graph	4898	11	13	4	6	2	2	2	2	0.0008559227	0.0001170635	0	15	ENSG00000102076
93.graph	5820	23	30	5	12	4	4	4	4	0.0020906925	0.0006844997	0	15	ENSG00000166333
92.graph	3412	31	36	5	10	3	3	3	3	0.0018694401	0.0003035069	0	15	ENSG00000113645
92.graph	10228	6	7	3	4	2	2	2	2	0.0006005764	0.0000863075	0	15	ENSG00000124196
92.graph	11481	26	34	6	14	4	4	4	4	0.0023870468	0.0008099079	0	15	ENSG00000196588
27.graph	5986	9	10	3	4	2	2	2	2	0.0007152557	0.0000936985	0	15	ENSG00000110436
27.graph	6056	8	9	3	4	2	2	2	2	0.0006597042	0.0000877380	0	15	ENSG00000156587
1.graph	1044	19	23	6	10	2	2	2	2	0.0012760162	0.0001881123	0	15	ENSG00000119283
1.graph	4764	15	19	4	8	3	3	3	3	0.0011608601	0.0002367496	0	15	ENSG00000169083
1.graph	4861	23	27	4	8	3	3	3	3	0.0014629364	0.0002276897	0	15	ENSG00000077264
1.graph	9249	11	12	3	4	2	2	2	2	0.0007722378	0.0000882149	0	15	ENSG00000239697
1.graph	10176	10	11	3	4	2	2	2	2	0.0007321835	0.0000882149	0	15	ENSG00000131059
84.graph	1507	5	5	2	2	2	2	2	2	0.0004885197	0.0000565052	0	15	ENSG00000178171
84.graph	2688	12	14	4	6	2	2	2	2	0.0008766651	0.0001156330	0	15	ENSG00000134851
84.graph	3643	21	27	6	12	3	3	3	3	0.0015785694	0.0003647804	0	15	ENSG00000204305
84.graph	8947	22	30	6	14	4	4	4	4	0.0024263859	0.0010037422	0	15	ENSG00000102878
84.graph	9297	11	13	4	6	2	2	2	2	0.0008478165	0.0001170635	0	15	ENSG00000171953
90.graph	883	19	20	3	4	2	2	2	2	0.0010490417	0.0000872612	0	15	ENSG00000116679
90.graph	1812	12	14	3	5	3	3	3	3	0.0009374619	0.0001618862	0	15	ENSG00000123485
90.graph	4157	21	27	6	12	3	3	3	3	0.0015718937	0.0003626347	0	15	ENSG00000136279
90.graph	6554	15	22	3	10	5	5	5	5	0.0035161972	0.0024056435	0	15	ENSG00000065809
90.graph	6671	13	15	4	6	2	2	2	2	0.0008983612	0.0001211166	0	15	ENSG00000122958
90.graph	7293	29	34	5	10	3	3	3	3	0.0017168522	0.0002286434	0	15	ENSG00000166986
90.graph	9783	29	35	5	11	4	4	4	4	0.0019681454	0.0003893375	0	15	ENSG00000182473
17.graph	4785	13	17	4	8	3	3	3	3	0.0010588169	0.0001904964	0	15	ENSG00000198157
17.graph	8292	16	18	4	6	2	2	2	2	0.0009949207	0.0001165867	0	15	ENSG00000166947
67.graph	2575	29	47	9	27	8	8	8	8	2.2849681377	2.2091698647	0	15	ENSG00000163138
67.graph	6793	12	13	3	4	2	2	2	2	0.0008275509	0.0000884533	0	15	ENSG00000165887
67.graph	9642	8	10	4	6	2	2	2	2	0.0007548332	0.0001266003	0	15	ENSG00000173868
4.graph	2139	15	17	4	6	2	2	2	2	0.0009882450	0.0001170635	0	15	ENSG00000189283
4.graph	2436	29	40	8	19	5	5	5	5	0.0035147667	0.0015909672	0	15	ENSG00000177565
4.graph	6708	19	23	4	8	3	3	3	3	0.0012972355	0.0001990795	0	15	ENSG00000107643
4.graph	7090	6	6	2	2	2	2	2	2	0.0005331039	0.0000586510	0	15	ENSG00000121335
4.graph	7451	24	25	3	4	2	2	2	2	0.0012407303	0.0000865459	0	15	ENSG00000180263
4.graph	7888	8	10	4	6	2	2	2	2	0.0007462502	0.0001173019	0	15	ENSG00000100804
4.graph	10697	18	20	4	6	2	2	2	2	0.0010974407	0.0001175404	0	15	ENSG00000186115
65.graph	1559	21	24	5	8	2	2	2	2	0.0012996197	0.0001468658	0	15	ENSG00000163328
65.graph	2657	14	16	4	6	2	2	2	2	0.0009565353	0.0001175404	0	15	ENSG00000109255
65.graph	3358	15	21	6	12	3	3	3	3	0.0013782978	0.0003848076	0	15	ENSG00000211445
65.graph	3987	8	10	4	6	2	2	2	2	0.0007376671	0.0001180172	0	15	ENSG00000112038
65.graph	5090	15	17	4	6	2	2	2	2	0.0009901524	0.0001156330	0	15	ENSG00000147421
65.graph	5217	10	11	3	4	2	2	2	2	0.0007443428	0.0000877380	0	15	ENSG00000176623
65.graph	5529	22	26	4	8	3	3	3	3	0.0014348030	0.0002286434	0	15	ENSG00000165115
65.graph	6628	22	23	3	4	2	2	2	2	0.0011858940	0.0002052784	0	15	ENSG00000185532
65.graph	8059	35	43	5	13	5	5	5	5	0.0034625530	0.0015201569	0	15	ENSG00000100629
65.graph	8620	14	15	3	4	2	2	2	2	0.0008895397	0.0000922680	0	15	ENSG00000140986
65.graph	11483	11	13	4	6	2	2	2	2	0.0008533001	0.0001158714	0	15	ENSG00000128346
55.graph	7219	44	64	10	30	9	9	9	9	4.7051804066	4.6276395321	0	15	ENSG00000166888
55.graph	8304	8	9	3	4	2	2	2	2	0.0006630421	0.0000877380	0	15	ENSG00000174446
55.graph	8779	19	21	4	6	2	2	2	2	0.0011396408	0.0001170635	0	15	ENSG00000089280
55.graph	10573	9	10	3	4	2	2	2	2	0.0007114410	0.0000863075	0	15	ENSG00000006015
55.graph	10716	17	24	6	13	3	3	3	3	0.0014722347	0.0003249645	0	15	ENSG00000189144
14.graph	1471	13	14	3	4	2	2	2	2	0.0008530617	0.0000863075	0	15	ENSG00000115762
14.graph	2036	12	17	5	10	3	3	3	3	0.0011327267	0.0002226830	0	15	ENSG00000114378
14.graph	5521	15	17	4	6	2	2	2	2	0.0009915829	0.0001211166	0	15	ENSG00000135018
14.graph	6054	13	15	4	6	2	2	2	2	0.0009241104	0.0001153946	0	15	ENSG00000110077
14.graph	9276	21	25	4	8	3	3	3	3	0.0013945103	0.0002267361	0	15	ENSG00000007237
56.graph	851	11	12	3	4	2	2	2	2	0.0007708073	0.0000874996	0	15	ENSG00000116218
56.graph	5104	19	22	5	8	2	2	2	2	0.0011951923	0.0001454353	0	15	ENSG00000070501
56.graph	8687	13	20	5	12	4	4	4	4	0.0020825863	0.0012092590	0	15	ENSG00000168101
56.graph	10634	19	24	5	10	3	3	3	3	0.0013966560	0.0002958775	0	15	ENSG00000131351
81.graph	3477	26	32	4	10	4	4	4	4	0.0020709038	0.0006594658	0	15	ENSG00000181355
81.graph	5554	33	47	7	21	6	6	6	6	0.0320732594	0.0293862820	0	15	ENSG00000198000
43.graph	54	15	17	4	6	2	2	2	2	0.0009818077	0.0001156330	0	15	ENSG00000204859
43.graph	4008	11	16	6	11	3	3	3	3	0.0011093616	0.0002179146	0	15	ENSG00000112038
43.graph	4703	17	19	4	6	2	2	2	2	0.0010468960	0.0001225471	0	15	ENSG00000102225
43.graph	6525	10	13	5	8	2	2	2	2	0.0008788109	0.0001444817	0	15	ENSG00000154096
43.graph	8962	26	40	6	20	6	6	6	6	0.0172636509	0.0153422356	0	15	ENSG00000172775
43.graph	9413	11	13	4	6	2	2	2	2	0.0008478165	0.0001161098	0	15	ENSG00000126653
39.graph	1078	30	32	4	6	2	2	2	2	0.0015218258	0.0001173019	0	15	ENSG00000186487
39.graph	1985	22	24	4	6	2	2	2	2	0.0012452602	0.0001170635	0	15	ENSG00000114857
39.graph	5427	38	42	6	10	2	2	2	2	0.0019714832	0.0001769066	0	15	ENSG00000137145
39.graph	7538	14	21	5	12	4	4	4	4	0.0017607212	0.0007178783	0	15	ENSG00000150991
39.graph	8764	12	13	3	4	2	2	2	2	0.0008177757	0.0000853539	0	15	ENSG00000155666
39.graph	9789	19	31	4	16	6	6	6	6	0.0192101002	0.0176236629	0	15	ENSG00000181038
39.graph	11381	8	9	3	4	2	2	2	2	0.0006608963	0.0000879765	0	15	ENSG00000205853
87.graph	238	11	13	4	6	2	2	2	2	0.0008370876	0.0001151562	0	15	ENSG00000084628
87.graph	1920	9	12	3	6	3	3	3	3	0.0008575916	0.0001592636	0	15	ENSG00000196639
87.graph	1922	17	25	5	13	4	4	4	4	0.0017776489	0.0005929470	0	15	ENSG00000144560
87.graph	4643	16	18	4	6	2	2	2	2	0.0010209084	0.0001168251	0	15	ENSG00000133627
87.graph	5601	21	26	4	9	3	3	3	3	0.0014202595	0.0002303123	0	15	ENSG00000135046
87.graph	9222	9	9	2	2	2	2	2	2	0.0006315708	0.0000562668	0	15	ENSG00000029725
87.graph	10911	11	13	4	6	2	2	2	2	0.0008449554	0.0001215935	0	15	ENSG00000105755
9.graph	2001	12	14	4	6	2	2	2	2	0.0008749962	0.0001220703	0	15	ENSG00000163788
9.graph	5084	9	9	2	2	2	2	2	2	0.0006415844	0.0000553131	0	15	ENSG00000134013
9.graph	10378	14	17	4	7	3	3	3	3	0.0010688305	0.0001544952	0	15	ENSG00000064687
9.graph	10919	45	47	4	6	2	2	2	2	0.0020647049	0.0001173019	0	15	ENSG00000105429
9.graph	11204	8	10	4	6	2	2	2	2	0.0007362366	0.0001175404	0	15	ENSG00000261221
9.graph	11335	28	32	6	10	2	2	2	2	0.0016345978	0.0001757145	0	15	ENSG00000100023
89.graph	535	11	13	4	6	2	2	2	2	0.0008423328	0.0001165867	0	15	ENSG00000116459
89.graph	2638	19	23	4	8	3	3	3	3	0.0013029575	0.0002262592	0	15	ENSG00000002549
89.graph	4410	18	22	4	8	3	3	3	3	0.0012831688	0.0002291203	0	15	ENSG00000071243
89.graph	5210	10	11	3	4	2	2	2	2	0.0007383823	0.0000874996	0	15	ENSG00000137558
89.graph	5663	19	20	3	4	2	2	2	2	0.0010519028	0.0000877380	0	15	ENSG00000119403
89.graph	7160	14	17	3	6	3	3	3	3	0.0010397434	0.0001585484	0	15	ENSG00000110900
89.graph	8154	10	11	3	4	2	2	2	2	0.0007317066	0.0000927448	0	15	ENSG00000185559
47.graph	592	24	26	4	6	2	2	2	2	0.0013144016	0.0001177788	0	15	ENSG00000009307
47.graph	3213	13	18	5	10	3	3	3	3	0.0011897087	0.0002923012	0	15	ENSG00000134986
47.graph	3499	9	13	4	8	3	3	3	3	0.0009331703	0.0001904964	0	15	ENSG00000131446
47.graph	5980	38	39	3	4	2	2	2	2	0.0018482208	0.0000860691	0	15	ENSG00000011405
47.graph	11194	12	14	4	6	2	2	2	2	0.0008974075	0.0001161098	0	15	ENSG00000239998
2.graph	3255	26	30	4	8	3	3	3	3	0.0015587807	0.0002272129	0	15	ENSG00000113141
2.graph	4064	27	34	5	12	4	4	4	4	0.0022265911	0.0008196831	0	15	ENSG00000106346
2.graph	5046	21	36	8	23	5	5	5	5	0.0059688091	0.0043103695	0	15	ENSG00000186523
2.graph	9635	14	20	4	10	4	4	4	4	0.0015447140	0.0005171299	0	15	ENSG00000120093
18.graph	290	14	18	4	8	3	3	3	3	0.0011425018	0.0001986027	0	15	ENSG00000131238
18.graph	6248	9	9	2	2	2	2	2	2	0.0006439686	0.0000557899	0	15	ENSG00000175567
18.graph	6512	19	30	6	17	6	6	6	6	0.0302629471	0.0281808376	0	15	ENSG00000134470
18.graph	7064	13	14	3	4	2	2	2	2	0.0008506775	0.0000870228	0	15	ENSG00000170456
18.graph	8222	17	18	2	3	3	3	3	3	0.0010266304	0.0000927448	0	15	ENSG00000168781
18.graph	10815	29	31	4	6	2	2	2	2	0.0014977455	0.0001165867	0	15	ENSG00000104814
18.graph	11144	22	26	4	8	3	3	3	3	0.0014207363	0.0001919270	0	15	ENSG00000204577
58.graph	1144	16	18	4	6	2	2	2	2	0.0010335445	0.0001180172	0	15	ENSG00000084693
58.graph	6664	25	26	3	4	2	2	2	2	0.0012907982	0.0000858307	0	15	ENSG00000156515
58.graph	9844	13	15	4	6	2	2	2	2	0.0009360313	0.0001165867	0	15	ENSG00000141401
58.graph	11229	15	17	4	6	2	2	2	2	0.0010077953	0.0001161098	0	15	ENSG00000182902
77.graph	8630	32	55	7	30	9	9	9	9	25.8017790318	25.2659003735	0	50	ENSG00000122390
